   5.0000000000000003E-002   0.0000000000000000        0.0000000000000000     
  0.14999999999999999        0.0000000000000000        0.0000000000000000     
  0.25000000000000000        0.0000000000000000        0.0000000000000000     
  0.34999999999999998        0.0000000000000000        0.0000000000000000     
  0.45000000000000001        0.0000000000000000        0.0000000000000000     
  0.55000000000000004        0.0000000000000000        0.0000000000000000     
  0.65000000000000002        0.0000000000000000        0.0000000000000000     
  0.75000000000000000        0.0000000000000000        0.0000000000000000     
  0.84999999999999998        0.0000000000000000        0.0000000000000000     
  0.94999999999999996        0.0000000000000000        0.0000000000000000     
   1.0500000000000000        0.0000000000000000        0.0000000000000000     
   1.1499999999999999        0.0000000000000000        0.0000000000000000     
   1.2500000000000000        0.0000000000000000        0.0000000000000000     
   1.3500000000000001        0.0000000000000000        0.0000000000000000     
   1.4500000000000000        0.0000000000000000        0.0000000000000000     
   1.5500000000000000        0.0000000000000000        0.0000000000000000     
   1.6499999999999999        0.0000000000000000        0.0000000000000000     
   1.7500000000000000        0.0000000000000000        0.0000000000000000     
   1.8500000000000001        0.0000000000000000        0.0000000000000000     
   1.9500000000000000        0.0000000000000000        0.0000000000000000     
   2.0499999999999998        0.0000000000000000        0.0000000000000000     
   2.1499999999999999        0.0000000000000000        0.0000000000000000     
   2.2500000000000000        0.0000000000000000        0.0000000000000000     
   2.3500000000000001        0.0000000000000000        0.0000000000000000     
   2.4500000000000002        0.0000000000000000        0.0000000000000000     
   2.5499999999999998        0.0000000000000000        0.0000000000000000     
   2.6499999999999999        0.0000000000000000        0.0000000000000000     
   2.7500000000000000        0.0000000000000000        0.0000000000000000     
   2.8500000000000001        0.0000000000000000        0.0000000000000000     
   2.9500000000000002        0.0000000000000000        0.0000000000000000     
   3.0499999999999998       0.12760662000000000        7.6073863772754553     
   3.1499999999999999       0.15364332000000000        6.2588284656931394     
   3.2500000000000000       0.18138539500000000        5.2424450890178029     
   3.3500000000000001       0.21217374000000000        4.4512165433086626     
   3.4500000000000002       0.24527306999999998        3.8291875375075013     
   3.5499999999999998       0.27900939499999999        3.3373825765153033     
   3.6499999999999999       0.31720299500000004        2.9411990398079619     
   3.7500000000000000       0.35541325000000001        2.6149526905381082     
   3.8500000000000001       0.39506369499999994        2.3532177435487096     
   3.9500000000000002       0.43518671500000000        2.1314093818763755     
   4.0499999999999998       0.47543656500000009        1.9480119023804758     
   4.1500000000000004       0.51675402999999998        1.7932478495699140     
   4.2500000000000000       0.55870028500000002        1.6608298659731946     
   4.3499999999999996       0.60106177500000002        1.5480735147029405     
   4.4500000000000002       0.64220646999999986        1.4547409481896378     
   4.5499999999999998       0.68222472000000001        1.3718201640328065     
   4.6500000000000004       0.72261839999999999        1.3013809761952391     
   4.7500000000000000       0.76201181000000007        1.2399657931586316     
   4.8499999999999996       0.79961622999999993        1.1869446889377877     
   4.9500000000000002       0.83772577499999989        1.1410148029605920     
   5.0499999999999998       0.87278727499999986        1.1022545509101820     
   5.1500000000000004       0.90732338499999998        1.0673625725145028     
   5.2500000000000000       0.94029224000000000        1.0369376875375076     
   5.3499999999999996       0.97367778999999999        1.0122458491698341     
   5.4500000000000002        1.0034921749999999       0.98929234846969405     
   5.5499999999999998        1.0315851000000000       0.97156494298859764     
   5.6500000000000004        1.0589229499999999       0.95590682136427285     
   5.7500000000000000        1.0833178500000000       0.94255228045609118     
   5.8499999999999996        1.1084998000000001       0.93239810962192449     
   5.9500000000000002        1.1325470499999999       0.92477993598719754     
   6.0499999999999998        1.1522920000000001       0.91848360672134421     
   6.1500000000000004        1.1648730500000002       0.91434235847169443     
   6.2500000000000000        1.1693538000000001       0.91062219443888792     
   6.3499999999999996        1.1691611000000000       0.90932768553710763     
   6.4500000000000002        1.1647135000000000       0.90877136427285454     
   6.5499999999999998        1.1579540500000001       0.91032620524104824     
   6.6500000000000004        1.1507055999999998       0.91152539507901575     
   6.7500000000000000        1.1415789999999999       0.91295104020804174     
   6.8499999999999996        1.1312112000000001       0.91619514902980603     
   6.9500000000000002        1.1208893999999998       0.91958923784756941     
   7.0499999999999998        1.1108281000000000       0.92389141828365673     
   7.1500000000000004        1.1016569500000002       0.92851492298459692     
   7.2500000000000000        1.0920561499999999       0.93312023404680944     
   7.3499999999999996        1.0830033499999998       0.93813841768353667     
   7.4500000000000002        1.0739135499999999       0.94294607921584328     
   7.5499999999999998        1.0657693999999998       0.94893356671334250     
   7.6500000000000004        1.0574325499999997       0.95430660132026401     
   7.7500000000000000        1.0500878000000000       0.95912462492498485     
   7.8499999999999996        1.0429594500000001       0.96539172834566889     
   7.9500000000000002        1.0362062999999999       0.97064600920184030     
   8.0500000000000007        1.0313560500000001       0.97615415083016599     
   8.1500000000000004        1.0248478500000000       0.97985333066613323     
   8.2500000000000000        1.0202059999999999       0.98462178435687131     
   8.3499999999999996        1.0158947999999999       0.98862448489697952     
   8.4499999999999993        1.0116860500000000       0.99297921584316873     
   8.5500000000000007        1.0082270000000000       0.99696695339067809     
   8.6500000000000004        1.0045451999999999        1.0003217243448690     
   8.7500000000000000        1.0019772250000001        1.0029130826165231     
   8.8499999999999996       0.99967976500000000        1.0055956191238249     
   8.9499999999999993       0.99727775500000004        1.0079192838567714     
   9.0500000000000007       0.99598871499999997        1.0106330266053212     
   9.1500000000000004       0.99368220500000004        1.0117171434286858     
   9.2500000000000000       0.99282535999999999        1.0126250250050008     
   9.3499999999999996       0.99150195500000005        1.0130883176635328     
   9.4499999999999993       0.99041192499999997        1.0141472294458891     
   9.5500000000000007       0.99065222499999994        1.0145398079615924     
   9.6500000000000004       0.98938196499999997        1.0142560512102421     
   9.7500000000000000       0.98940454000000000        1.0138916783356671     
   9.8499999999999996       0.98903856000000001        1.0147467493498701     
   9.9499999999999993       0.98963377499999994        1.0138475695139026     
   10.050000000000001       0.98976091999999993        1.0134596919383878     
   10.150000000000000       0.98979272000000007        1.0133016603320666     
   10.250000000000000       0.98998501000000005        1.0127841568313662     
   10.350000000000000       0.99070856500000004        1.0116412282456488     
   10.449999999999999       0.99120797999999999        1.0109297859571913     
   10.550000000000001       0.99189432499999997        1.0095552110422084     
   10.650000000000000       0.99280833999999984        1.0092899579915984     
   10.750000000000000       0.99326207000000011        1.0085622124424884     
   10.850000000000000       0.99341115499999999        1.0075968193638727     
   10.949999999999999       0.99447956999999998        1.0069197839567914     
   11.050000000000001       0.99443402500000011        1.0061319263852770     
   11.150000000000000       0.99559036500000009        1.0049731946389278     
   11.250000000000000       0.99653722000000000        1.0046347269453892     
   11.350000000000000       0.99704184000000007        1.0034681936387280     
   11.449999999999999       0.99759626000000012        1.0039258851770354     
   11.550000000000001       0.99837252500000007        1.0026189237847569     
   11.650000000000000       0.99863289499999996        1.0023198639727944     
   11.750000000000000       0.99924010499999993        1.0017190438087618     
   11.850000000000000       0.99912111000000015        1.0013489697939588     
   11.949999999999999       0.99969461000000004        1.0009380176035207     
   12.050000000000001        1.0003270449999999        1.0004354270854174     
   12.150000000000000        1.0006806700000002        1.0001159531906381     
   12.250000000000000        1.0008730850000001       0.99964344868973798     
   12.350000000000000        1.0012166949999999       0.99968550710142035     
   12.449999999999999        1.0013161650000000       0.99963794758951785     
   12.550000000000001        1.0013139000000000       0.99930463092618538     
   12.650000000000000        1.0017319549999999       0.99911206241248240     
   12.750000000000000        1.0016938000000000       0.99867013402680549     
   12.850000000000000        1.0016726550000001       0.99903963792758554     
   12.949999999999999        1.0017984250000000       0.99832279455891182     
   13.050000000000001        1.0016256500000000       0.99910140028005612     
   13.150000000000000        1.0019373700000000       0.99860127025405077     
   13.250000000000000        1.0021851550000000       0.99907374474894994     
   13.350000000000000        1.0014147750000000       0.99879951990398075     
   13.449999999999999        1.0012853600000000       0.99899850970194037     
   13.550000000000001        1.0015099049999998       0.99894892978595706     
   13.650000000000000        1.0013684599999999       0.99869254850970179     
   13.750000000000000        1.0012763500000001       0.99899729945989224     
   13.850000000000000        1.0005747900000002       0.99937005401080226     
   13.949999999999999        1.0016000599999999       0.99886234246849381     
   14.050000000000001        1.0011476250000002       0.99914368873774750     
   14.150000000000000        1.0009634450000000       0.99925810162032402     
   14.250000000000000        1.0010552850000001       0.99925462092418471     
   14.350000000000000        1.0007219249999999       0.99960407081416303     
   14.449999999999999        1.0005568149999999       0.99925284056811359     
   14.550000000000001        1.0003780000000000       0.99960984196839375     
   14.650000000000000        1.0003918649999999       0.99967094418883773     
   14.750000000000000        1.0004675150000000        1.0000236047209441     
   14.850000000000000        1.0007983949999999       0.99953930786157230     
   14.949999999999999        1.0004370450000000       0.99979344868973807     
   15.050000000000001        1.0000706300000002        1.0001594318863771     
   15.150000000000000        1.0002655100000000        1.0000694138827766     
   15.250000000000000        1.0003824350000001       0.99995416083216626     
   15.350000000000000        1.0001628149999999       0.99975167033406687     
   15.449999999999999        1.0001936549999999        1.0000115723144629     
   15.550000000000001        1.0003644550000002        1.0001644728945791     
   15.650000000000000       0.99981228499999997        1.0003925685137030     
   15.750000000000000       0.99991825499999998        1.0001618623724746     
   15.850000000000000        1.0002135450000000        1.0002961092218445     
   15.949999999999999        1.0000726900000001        1.0005939287857570     
   16.050000000000001        1.0000049199999999        1.0001823564712939     
   16.149999999999999        1.0002238800000001        1.0003737247449491     
   16.250000000000000       0.99980842500000000        1.0001856071214243     
   16.350000000000001       0.99994155999999990        1.0006704340868173     
   16.449999999999999        1.0003036400000000        1.0002939387877576     
   16.550000000000001        1.0000894300000001       0.99997207441488301     
   16.649999999999999        1.0000990599999999        1.0002895079015803     
   16.750000000000000       0.99994596000000002        1.0003017303460693     
   16.850000000000001        1.0000543550000001        1.0003511202240447     
   16.949999999999999        1.0004327449999999        1.0003865973194637     
   17.050000000000001        1.0000366650000001        1.0000649129825965     
   17.149999999999999       0.99960992500000012        1.0001273554710943     
   17.250000000000000        1.0001006950000000        1.0003024204840969     
   17.350000000000001       0.99985142499999990        1.0001085317063416     
   17.449999999999999        1.0003749399999999        1.0002504800960192     
   17.550000000000001       0.99991534999999998        1.0002851970394078     
   17.649999999999999        1.0001040500000000        1.0000950590118023     
   17.750000000000000       0.99982543499999998        1.0002554410882176     
   17.850000000000001       0.99988277000000003        1.0002221344268853     
   17.949999999999999       0.99974542000000000        1.0003561812362474     
   18.050000000000001        1.0000488550000000        1.0002319063812763     
   18.149999999999999       0.99977386999999984        1.0001449989997999     
   18.250000000000000        1.0002633200000002        1.0002506701340268     
   18.350000000000001       0.99980683500000012        1.0000782456491299     
   18.449999999999999       0.99989301999999980        1.0000255251050210     
   18.550000000000001        1.0000929150000002        1.0000249549909981     
   18.649999999999999        1.0001686900000000        1.0001664432886577     
   18.750000000000000        1.0001111600000001        1.0000536207241448     
   18.850000000000001        1.0000999500000001        1.0000838067613522     
   18.949999999999999        1.0001381050000000       0.99987081416283241     
   19.050000000000001        1.0000638050000001       0.99995685137027424     
   19.149999999999999        1.0001627100000001        1.0002989297859570     
   19.250000000000000        1.0000995650000002       0.99991058211642325     
   19.350000000000001       0.99995806500000006       0.99990962192438493     
   19.449999999999999       0.99992866500000011        1.0002045109021802     
   19.550000000000001        1.0002987900000002       0.99996708341668350     
   19.649999999999999        1.0002049100000003       0.99994587917583511     
   19.750000000000000       0.99995350999999988       0.99994157831566299     
   19.850000000000001        1.0003995000000001       0.99995281056211260     
   19.949999999999999       0.99993915000000000        1.0002147229445888     
   20.050000000000001        1.0000165150000000        1.0000546209241847     
   20.149999999999999        1.0001505449999999       0.99991597319463899     
   20.250000000000000        1.0000888149999998        1.0001253650730146     
   20.350000000000001        1.0001082299999999       0.99983876775355063     
   20.449999999999999        1.0001270400000000       0.99988102620524111     
   20.550000000000001        1.0000940949999997        1.0000379375875175     
   20.649999999999999        1.0002236499999999        1.0000858071614325     
   20.750000000000000        1.0002115000000003        1.0003924584916983     
   20.850000000000001       0.99988415000000008       0.99972488497699530     
   20.949999999999999        1.0000081999999999        1.0001343068613724     
   21.050000000000001        1.0000289900000001       0.99993152630526116     
   21.149999999999999       0.99988408500000003        1.0002799559911981     
   21.250000000000000        1.0000149149999999       0.99998745749149831     
   21.350000000000001       0.99972930000000004        1.0001237447489497     
   21.449999999999999        1.0000423250000001       0.99972595519103813     
   21.550000000000001       0.99978440999999996       0.99984535907181438     
   21.649999999999999        1.0002045000000002       0.99997262452490510     
   21.750000000000000        1.0001549299999999        1.0000740748149632     
   21.850000000000001       0.99992317999999991        1.0002610622124424     
   21.949999999999999       0.99997670999999999       0.99988787757551501     
   22.050000000000001       0.99998614000000008        1.0000302660532105     
   22.149999999999999        1.0001081149999997        1.0001481296259251     
   22.250000000000000       0.99989927499999998        1.0002599219843971     
   22.350000000000001       0.99998047999999995       0.99995533106621337     
   22.449999999999999       0.99981115499999995        1.0000337467493496     
   22.550000000000001        1.0001278249999999       0.99999770954190836     
   22.649999999999999        1.0000993650000001       0.99980576115223063     
   22.750000000000000       0.99989617499999994        1.0001205641128226     
   22.850000000000001        1.0000497349999999        1.0001150930186038     
   22.949999999999999        1.0000796250000001        1.0002077215443090     
   23.050000000000001       0.99987593499999994        1.0000275255051008     
   23.149999999999999        1.0002007800000001        1.0000457991598319     
   23.250000000000000        1.0001686000000001        1.0001698139627928     
   23.350000000000001        1.0001816500000000        1.0000689137827563     
   23.449999999999999        1.0000349850000001        1.0002169233846769     
   23.550000000000001        1.0000258950000001        1.0001540608121624     
   23.649999999999999        1.0000567949999999       0.99992183436687321     
   23.750000000000000        1.0000561950000002        1.0002919683936788     
   23.850000000000001        1.0001198050000000        1.0001854070814162     
   23.949999999999999       0.99979511499999996        1.0001633726745347     
   24.050000000000001        1.0001157849999998        1.0001545709141830     
   24.149999999999999        1.0000337550000000        1.0003526005201042     
   24.250000000000000        1.0002761549999999       0.99992838567713527     
   24.350000000000001       0.99987257999999990        1.0001941788357671     
   24.449999999999999        1.0000156700000000        1.0001735447089419     
   24.550000000000001        1.0000686100000000        1.0002484796959392     
   24.649999999999999        1.0001069050000000       0.99985308061612321     
   24.750000000000000        1.0001236750000002       0.99991455291058207     
   24.850000000000001        1.0001474299999999        1.0000716843368673     
   24.949999999999999       0.99976605000000007        1.0000809961992398     
   25.050000000000001       0.99979708500000009       0.99992525505101026     
   25.149999999999999       0.99999837000000014        1.0001161832366474     
   25.250000000000000       0.99985710500000002       0.99983111622324472     
   25.350000000000001        1.0002085300000001        1.0000761252250450     
   25.449999999999999        1.0002233300000001       0.99992683536707350     
   25.550000000000001        1.0000068750000000       0.99996225245049009     
   25.649999999999999        1.0001843550000000       0.99987442488497702     
   25.750000000000000        1.0004420900000000       0.99990608121624314     
   25.850000000000001        1.0001209600000001       0.99984207841568307     
   25.949999999999999       0.99997119000000012        1.0000947489497900     
   26.050000000000001        1.0001841050000000        1.0000502300460092     
   26.149999999999999        1.0001235500000001       0.99993991798359672     
   26.250000000000000        1.0000811449999998       0.99995750150030027     
   26.350000000000001       0.99988950499999996       0.99990608121624314     
   26.449999999999999        1.0002715650000000        1.0000437887577516     
   26.550000000000001       0.99992172500000009       0.99989446889377886     
   26.649999999999999        1.0000473450000000        1.0000664132826567     
   26.750000000000000        1.0000681800000000        1.0002220244048809     
   26.850000000000001        1.0001144950000000       0.99998563712742550     
   26.949999999999999       0.99989143999999996       0.99992816563312648     
   27.050000000000001        1.0000890050000000       0.99997841568313683     
   27.149999999999999        1.0001961750000001        1.0001879175835167     
   27.250000000000000        1.0001160000000002        1.0000361072214441     
   27.350000000000001       0.99991231000000003       0.99997032406481290     
   27.449999999999999        1.0000970450000000        1.0001079415883176     
   27.550000000000001        1.0000585900000001        1.0001255151030206     
   27.649999999999999        1.0000105350000001       0.99999654930986193     
   27.750000000000000        1.0000365850000001        1.0001574014802961     
   27.850000000000001        1.0000687600000000       0.99996231246249234     
   27.949999999999999       0.99997605999999994        1.0001131326265253     
   28.050000000000001        1.0001247000000000        1.0000315863172635     
   28.149999999999999        1.0001793200000000        1.0002123524704940     
   28.250000000000000       0.99982485500000007        1.0001658031606322     
   28.350000000000001        1.0000453700000000        1.0001588117623526     
   28.449999999999999       0.99996499500000002       0.99985871174234842     
   28.550000000000001       0.99999181000000015        1.0000899579915983     
   28.649999999999999        1.0000596800000001        1.0002146929385878     
   28.750000000000000       0.99999546499999992        1.0000812962592518     
   28.850000000000001        1.0000161700000001        1.0002442088417682     
   28.949999999999999       0.99998319999999996       0.99987888577715534     
   29.050000000000001        1.0001407499999999       0.99992252450490093     
   29.149999999999999        1.0001213650000000        1.0000130826165232     
   29.250000000000000        1.0000645100000001        1.0001872374474896     
   29.350000000000001        1.0001895950000002       0.99994387877575530     
   29.449999999999999        1.0001557349999999        1.0001350070014003     
   29.550000000000001        1.0001920200000001        1.0000937887577517     
   29.649999999999999        1.0000751250000002       0.99983857771554330     
   29.750000000000000        1.0000315500000001        1.0000155931186234     
   29.850000000000001        1.0001378949999999        1.0002498399679935     
   29.949999999999999        1.0001632049999998        1.0000360672134427     
   30.050000000000001        1.0000316499999999        1.0000686437287458     
   30.149999999999999        1.0000418150000001        1.0000489697939587     
   30.250000000000000       0.99986350000000002       0.99998054610922160     
   30.350000000000001        1.0000899899999998        1.0002043108621723     
   30.449999999999999        1.0002202600000001        1.0000552010402080     
   30.550000000000001        1.0001344599999999       0.99998851770354080     
   30.649999999999999        1.0000212499999999        1.0001079615923185     
   30.750000000000000        1.0001408850000000        1.0002611722344468     
   30.850000000000001        1.0001055800000000        1.0001341368273655     
   30.949999999999999       0.99995146499999998        1.0000628325665133     
   31.050000000000001       0.99995513000000003        1.0000676935387076     
   31.149999999999999        1.0002971450000000        1.0000559911982398     
   31.250000000000000        1.0000862550000000        1.0001433086617322     
   31.350000000000001        1.0002457699999998        1.0001282256451289     
   31.449999999999999        1.0000476599999999        1.0001379775955190     
   31.550000000000001        1.0000952250000001        1.0001816963392678     
   31.649999999999999       0.99998643500000006        1.0001707341468293     
   31.750000000000000        1.0000357150000001        1.0002573614722943     
   31.850000000000001        1.0001656049999998        1.0001145229045809     
   31.949999999999999       0.99997325000000004        1.0001627525505101     
   32.049999999999997       0.99996194999999999        1.0001884276855373     
   32.149999999999999        1.0001369350000000        1.0001654230846169     
   32.250000000000000        1.0002240350000000        1.0001444988997799     
   32.350000000000001       0.99989627500000000        1.0000527205441090     
   32.450000000000003        1.0000626049999999       0.99993337667533500     
   32.549999999999997        1.0001170049999999        1.0000827165433086     
   32.649999999999999       0.99995773999999993       0.99998778755751161     
   32.750000000000000        1.0001015650000000        1.0001347369473894     
   32.850000000000001        1.0000694300000001       0.99998117623524707     
   32.950000000000003        1.0001111100000002       0.99991263252650531     
   33.049999999999997        1.0001574949999998        1.0000278855771154     
   33.149999999999999        1.0001513350000000        1.0000792158431688     
   33.250000000000000       0.99991409000000009        1.0003257951590319     
   33.350000000000001        1.0001220900000001        1.0000987797559513     
   33.450000000000003        1.0002304750000000        1.0001514902980597     
   33.549999999999997       0.99996930000000006       0.99996806361272250     
   33.649999999999999        1.0000438800000002        1.0001977595519105     
   33.750000000000000        1.0000573550000000        1.0001857071414282     
   33.850000000000001        1.0000498200000001        1.0001105121024203     
   33.950000000000003        1.0000277700000000       0.99990891178235641     
   34.049999999999997        1.0000976399999999       0.99995079015803168     
   34.149999999999999        1.0001076849999999        1.0000539907981594     
   34.250000000000000       0.99993997500000009        1.0001431186237248     
   34.350000000000001        1.0001584599999997        1.0000590018003601     
   34.450000000000003        1.0001262099999999       0.99996660332066389     
   34.549999999999997        1.0001100400000000       0.99997957591518283     
   34.649999999999999        1.0001213949999999        1.0000936787357473     
   34.750000000000000       0.99983483000000006       0.99994070814162828     
   34.850000000000001        1.0000272649999999       0.99998359671934400     
   34.950000000000003        1.0001243250000003        1.0000069013802761     
   35.049999999999997        1.0001677500000001       0.99993480696139247     
   35.149999999999999        1.0001325350000001        1.0000239847969594     
   35.250000000000000       0.99996332999999993       0.99996397279455895     
   35.350000000000001        1.0000048399999999        1.0001915683136628     
   35.450000000000003       0.99999285499999990        1.0000861272254451     
   35.549999999999997        1.0001514750000000       0.99999346869373895     
   35.649999999999999        1.0000407199999999       0.99982854570914170     
   35.750000000000000       0.99998259000000012        1.0000023204640929     
   35.850000000000001        1.0000572500000002        1.0002986997399479     
   35.950000000000003        1.0000703700000000        1.0002203840768151     
   36.049999999999997        1.0001792000000000       0.99990114022804566     
   36.149999999999999        1.0001108950000002        1.0000257651530307     
   36.250000000000000       0.99996851500000006       0.99998880776155241     
   36.350000000000001       0.99999257499999983        1.0000708741748350     
   36.450000000000003        1.0000808850000000        1.0000700840168035     
   36.549999999999997        1.0000963850000000       0.99999140828165634     
   36.649999999999999        1.0000799300000001        1.0000773154630926     
   36.750000000000000       0.99990537000000013        1.0000188837767552     
   36.850000000000001        1.0000317650000001       0.99984367873574709     
   36.950000000000003        1.0000318500000001        1.0000941688337668     
   37.049999999999997        1.0001979300000001        1.0000463492698539     
   37.149999999999999        1.0000282050000000        1.0000051110222044     
   37.250000000000000        1.0001067900000000        1.0001116723344667     
   37.350000000000001       0.99992074000000009        1.0000970294058813     
   37.450000000000003       0.99991242499999988        1.0000234446889380     
   37.549999999999997        1.0000560300000001        1.0000792358471695     
   37.649999999999999        1.0001468400000000        1.0000903480696139     
   37.750000000000000        1.0000925800000000        1.0002504700940189     
   37.850000000000001       0.99995777999999991        1.0000410982196439     
   37.950000000000003       0.99997413999999996        1.0002531606321265     
   38.049999999999997       0.99989754999999991        1.0000477495499100     
   38.149999999999999        1.0000399600000001       0.99995059011802367     
   38.250000000000000        1.0000983200000000        1.0000693438687738     
   38.350000000000001        1.0001404599999999        1.0000386777355472     
   38.450000000000003        1.0001076149999997       0.99993329665933173     
   38.549999999999997        1.0001943350000000        1.0000621424284857     
   38.649999999999999        1.0000304199999999        1.0001129125825163     
   38.750000000000000       0.99999195000000007       0.99992934586917370     
   38.850000000000001       0.99989819500000010        1.0000998799759953     
   38.950000000000003        1.0000450700000001       0.99994886977395470     
   39.049999999999997        1.0001762049999998        1.0000457191438288     
   39.149999999999999       0.99998968000000010        1.0000809761952389     
   39.250000000000000        1.0000876650000001       0.99995801160232045     
   39.350000000000001        1.0001591350000001        1.0000432986597321     
   39.450000000000003       0.99994797000000002        1.0000281056211244     
   39.549999999999997        1.0001108799999998        1.0000568413682738     
   39.649999999999999       0.99990589500000004        1.0001654830966193     
   39.750000000000000        1.0000743500000000       0.99994111822364473     
   39.850000000000001        1.0001039150000000       0.99998203640728145     
   39.950000000000003        1.0001313949999999        1.0000213442688537     
   40.049999999999997        1.0000504250000000       0.99997365473094613     
   40.149999999999999        1.0001351399999998       0.99998581716343260     
   40.250000000000000       0.99998768000000005        1.0000569813962792     
   40.350000000000001       0.99993099500000004        1.0001127825565115     
   40.450000000000003        1.0000290100000000        1.0000649529905981     
   40.549999999999997       0.99997922000000006       0.99996530306061204     
   40.649999999999999       0.99992872999999993        1.0000101220244049     
   40.750000000000000        1.0001905050000000        1.0000367773554713     
   40.850000000000001        1.0001157800000002        1.0000882376475293     
   40.950000000000003        1.0001220200000001        1.0000742448489697     
   41.049999999999997        1.0000416150000000        1.0000459891978397     
   41.149999999999999        1.0000751900000000        1.0001919483896780     
   41.250000000000000        1.0000842450000000        1.0001929085817165     
   41.350000000000001       0.99995301500000000        1.0001813162632527     
   41.450000000000003        1.0000047900000000        1.0001778555711140     
   41.549999999999997       0.99998968499999985        1.0000953690738148     
   41.649999999999999        1.0000364349999999        1.0000302860572114     
   41.750000000000000        1.0000913400000000       0.99998259651930377     
   41.850000000000001        1.0000993400000000        1.0001938387677536     
   41.950000000000003        1.0000232649999998        1.0001488897779556     
   42.049999999999997        1.0001093600000002        1.0000442088417685     
   42.149999999999999        1.0000439700000001        1.0000504600920186     
   42.250000000000000       0.99992476500000005        1.0001443588717742     
   42.350000000000001        1.0001680350000000        1.0001101820364071     
   42.450000000000003        1.0000013550000000        1.0001930386077214     
   42.549999999999997        1.0001216250000000        1.0001617623524706     
   42.649999999999999        1.0000997950000001       0.99999637927585505     
   42.750000000000000        1.0001378900000000        1.0000906081216243     
   42.850000000000001        1.0000376700000000        1.0002145929185837     
   42.950000000000003        1.0001535850000001        1.0001555111022202     
   43.049999999999997        1.0000654600000001        1.0000457491498300     
   43.149999999999999        1.0000602949999999        1.0000433986797361     
   43.250000000000000        1.0001726550000001        1.0000363972794559     
   43.350000000000001        1.0000155900000001        1.0000475695139026     
   43.450000000000003        1.0000544350000000        1.0000319863972793     
   43.549999999999997        1.0001565399999999        1.0000477095419085     
   43.649999999999999        1.0002386800000000        1.0000465493098620     
   43.750000000000000        1.0001717050000001        1.0000391078215642     
   43.850000000000001        1.0002650950000000        1.0000199439887978     
   43.950000000000003        1.0001418799999999        1.0000661632326464     
   44.049999999999997        1.0000646650000000        1.0000373174634924     
   44.149999999999999        1.0002475899999999        1.0002059011802360     
   44.250000000000000        1.0000717800000001        1.0000622324464892     
   44.350000000000001        1.0001041800000001       0.99995583116623332     
   44.450000000000003       0.99999423499999995        1.0000381676335264     
   44.549999999999997        1.0000712199999999        1.0000061212242450     
   44.649999999999999        1.0001147850000001        1.0000506101220243     
   44.750000000000000        1.0000008400000000        1.0001295359071813     
   44.850000000000001       0.99993302000000006        1.0001015203040609     
   44.950000000000003       0.99998471500000008        1.0000214042808560     
   45.049999999999997        1.0000877999999997        1.0000823364672933     
   45.149999999999999        1.0001240300000001        1.0001202540508101     
   45.250000000000000        1.0000713800000001        1.0000751450290057     
   45.350000000000001        1.0000624700000000        1.0002113822764553     
   45.450000000000003        1.0002255600000001        1.0000507301460293     
   45.549999999999997        1.0001464750000000        1.0000875275055012     
   45.649999999999999       0.99998460499999997        1.0000852870574115     
   45.750000000000000        1.0000078700000001        1.0000376175235046     
   45.850000000000001        1.0001195249999999        1.0000872574514903     
   45.950000000000003       0.99995880499999990        1.0001727745549109     
   46.049999999999997        1.0001030649999998        1.0001873174634928     
   46.149999999999999        1.0001326000000001        1.0000629825965193     
   46.250000000000000        1.0000441449999999        1.0000547709541912     
   46.350000000000001        1.0001708050000000        1.0000817763552712     
   46.450000000000003        1.0001853750000000        1.0001416283256652     
   46.549999999999997        1.0002336549999997        1.0000388077615523     
   46.649999999999999        1.0001058349999998        1.0001308461692340     
   46.750000000000000        1.0000110149999999        1.0000656631326266     
   46.850000000000001        1.0001376099999999        1.0001299459891979     
   46.950000000000003        1.0000638600000000        1.0000702240448089     
   47.049999999999997        1.0000512850000001        1.0001314062812561     
   47.149999999999999        1.0001498650000000        1.0000718643728748     
   47.250000000000000        1.0001026400000002        1.0001726845369074     
   47.350000000000001        1.0000470200000002        1.0000912682536507     
   47.450000000000003        1.0001837000000000        1.0001115923184638     
   47.549999999999997        1.0001260199999999        1.0000664032806563     
   47.649999999999999       0.99999613999999992       0.99998245649129824     
   47.750000000000000        1.0001680199999998        1.0001451990398078     
   47.850000000000001        1.0000878899999999        1.0002416983396678     
   47.950000000000003        1.0000760000000000        1.0000802060412082     
   48.049999999999997        1.0000493600000000        1.0001037407481497     
   48.149999999999999        1.0000484000000001        1.0000837467493497     
   48.250000000000000        1.0000228750000000        1.0000889177835568     
   48.350000000000001        1.0001086750000001        1.0000791958391677     
   48.450000000000003        1.0000736750000001        1.0000957791558311     
   48.549999999999997        1.0001082600000002       0.99999954990998197     
   48.649999999999999        1.0001567500000001        1.0001325965193038     
   48.750000000000000        1.0001064999999998        1.0000870074014803     
   48.850000000000001        1.0001036050000001        1.0000478795759149     
   48.950000000000003        1.0000513450000001        1.0000592118423686     
   49.049999999999997       0.99999170999999998        1.0000908681736347     
   49.149999999999999        1.0000909650000001        1.0000370374074816     
   49.250000000000000        1.0001180999999999        1.0000982996599321     
   49.350000000000001        1.0001580900000000        1.0000179035807160     
   49.450000000000003        1.0000505399999999        1.0000505501100221     
   49.549999999999997        1.0000450000000001        1.0000996699339868     
   49.649999999999999        1.0000854399999999        1.0001458991798360     
   49.750000000000000        1.0000760700000000        1.0000460792158432     
   49.850000000000001        1.0001165599999999        1.0001254950990197     
   49.950000000000003        1.0001640000000003        1.0001549709941988     
   50.049999999999997        1.0000731599999999        1.0001456991398281     
   50.149999999999999        1.0002006900000000        1.0000708741748350     
   50.250000000000000        1.0001045550000001        1.0001314262852572     
   50.350000000000001        1.0000957200000000        1.0000533406681336     
   50.450000000000003        1.0000665300000000        1.0002467993598720     
   50.549999999999997        1.0000523900000000        1.0001869873974794     
   50.649999999999999        1.0000779200000001        1.0000224344868975     
   50.750000000000000        1.0000910850000002        1.0000197439487897     
   50.850000000000001        1.0001066949999999       0.99995973194638943     
   50.950000000000003        1.0000114250000001        1.0001582016403281     
   51.049999999999997        1.0001026899999998        1.0000871174234847     
   51.149999999999999        1.0001213650000000        1.0001610322064416     
   51.250000000000000        1.0000887500000002        1.0001459491898379     
   51.350000000000001        1.0000765450000000        1.0001678135627126     
   51.450000000000003        1.0001393550000000        1.0001697739547910     
   51.549999999999997        1.0000577050000001       0.99996856371274268     
   51.649999999999999        1.0000868600000001        1.0001037907581518     
   51.750000000000000        1.0000943250000001        1.0000749149829966     
   51.850000000000001        1.0000427950000002        1.0001164932986599     
   51.950000000000003        1.0002446900000002        1.0001341668333665     
   52.049999999999997        1.0000627350000002        1.0001373074614925     
   52.149999999999999        1.0000698400000001        1.0000972094418885     
   52.250000000000000        1.0000143750000001        1.0000082616523305     
   52.350000000000001        1.0000709400000001        1.0001193338667735     
   52.450000000000003        1.0000362250000001        1.0000410382076415     
   52.549999999999997        1.0000929700000003        1.0000485797159433     
   52.649999999999999        1.0000797400000003        1.0000443088617723     
   52.750000000000000        1.0001029450000001        1.0001003500700139     
   52.850000000000001        1.0001179999999998        1.0000070314062814     
   52.950000000000003        1.0000328900000000        1.0000579915983197     
   53.049999999999997        1.0001485900000000        1.0000261852370473     
   53.149999999999999        1.0000782800000003       0.99989723944788955     
   53.250000000000000        1.0000780549999999        1.0000796559311862     
   53.350000000000001        1.0001370750000000        1.0000311362272454     
   53.450000000000003       0.99999204000000008        1.0000733846769356     
   53.549999999999997        1.0000641950000000        1.0000089117823567     
   53.649999999999999        1.0000197250000000       0.99997754550910201     
   53.750000000000000        1.0001475050000002        1.0000886677335465     
   53.850000000000001        1.0001431550000000        1.0001098519703939     
   53.950000000000003        1.0000430900000001        1.0001373674734946     
   54.049999999999997        1.0000599000000001        1.0000325265053009     
   54.149999999999999        1.0001449350000000        1.0001272554510903     
   54.250000000000000       0.99990591500000003        1.0000189137827564     
   54.350000000000001        1.0000689300000001        1.0001352970594117     
   54.450000000000003        1.0000645950000000        1.0000412782556511     
   54.549999999999997        1.0000087099999999        1.0000317963592718     
   54.649999999999999        1.0000706949999998        1.0001416783356671     
   54.750000000000000        1.0000904350000002        1.0000482796559311     
   54.850000000000001        1.0001476149999999       0.99998511702340453     
   54.950000000000003       0.99994610000000006       0.99999674934987004     
   55.049999999999997        1.0000896699999999        1.0000873874774954     
   55.149999999999999        1.0001062800000002        1.0000700040008002     
   55.250000000000000        1.0000781700000001        1.0000735247049410     
   55.350000000000001        1.0001299950000000        1.0001344468893778     
   55.450000000000003        1.0000557200000000        1.0001196439287858     
   55.549999999999997        1.0001250950000000        1.0000893178635728     
   55.649999999999999       0.99996192000000006        1.0000709341868375     
   55.750000000000000       0.99996886499999993        1.0000551110222045     
   55.850000000000001        1.0000388399999998        1.0000662332466494     
   55.950000000000003        1.0000910700000001        1.0001425585117021     
   56.049999999999997        1.0000591900000000        1.0001621224244850     
   56.149999999999999        1.0000466150000000        1.0001374474894980     
   56.250000000000000       0.99998284500000023        1.0001322764552911     
   56.350000000000001        1.0000749849999999        1.0000669133826765     
   56.450000000000003        1.0000846450000000        1.0000240948189640     
   56.549999999999997        1.0000293849999999        1.0000616123224646     
   56.649999999999999        1.0000877449999999        1.0002135727145429     
   56.750000000000000        1.0001129349999998        1.0000299759951989     
   56.850000000000001        1.0000266750000002        1.0000465593118624     
   56.950000000000003        1.0001404850000000        1.0000679835967192     
   57.049999999999997        1.0000175650000003        1.0000384176835366     
   57.149999999999999        1.0000946300000000        1.0001332366473294     
   57.250000000000000       0.99998857500000016        1.0000465993198639     
   57.350000000000001        1.0001240199999999        1.0001277755551108     
   57.450000000000003       0.99994410500000008        1.0000727245449088     
   57.549999999999997        1.0000480000000000        1.0000733346669333     
   57.649999999999999        1.0001371550000000        1.0000913582716544     
   57.750000000000000        1.0000797950000000        1.0000742148429687     
   57.850000000000001        1.0001754250000001        1.0001089917983599     
   57.950000000000003        1.0001161800000000        1.0000230846169231     
   58.049999999999997        1.0000929050000000        1.0000170034006801     
   58.149999999999999        1.0000449700000000        1.0001908881776354     
   58.250000000000000        1.0001428450000001        1.0000329065813163     
   58.350000000000001        1.0000858199999998        1.0001193938787758     
   58.450000000000003        1.0001434250000001        1.0001645929185838     
   58.549999999999997        1.0001515450000000       0.99992017403480693     
   58.649999999999999        1.0001350000000000        1.0001473294658934     
   58.750000000000000        1.0000978600000001        1.0000289957991599     
   58.850000000000001        1.0001603349999999        1.0001061712342469     
   58.950000000000003        1.0001266750000002        1.0000752050410080     
   59.049999999999997        1.0000461000000000        1.0000570914182836     
   59.149999999999999        1.0001103250000001        1.0000879475895179     
   59.250000000000000        1.0000785400000001        1.0000586017203441     
   59.350000000000001        1.0000689199999999        1.0000278755751151     
   59.450000000000003        1.0000833000000000       0.99999162832566513     
   59.549999999999997        1.0000424049999999        1.0001547809561913     
   59.649999999999999        1.0001142350000001        1.0000367973594719     
   59.750000000000000        1.0000020549999999        1.0000542608521705     
   59.850000000000001        1.0001399049999999       0.99993611722344466     
   59.950000000000003        1.0001346750000000        1.0000581816363274     
   60.049999999999997        1.0000688800000002        1.0000593718743747     
   60.149999999999999        1.0001288449999999        1.0001495099019804     
   60.250000000000000        1.0000440450000001        1.0000600520104022     
   60.350000000000001       0.99997660500000007        1.0001268953790761     
   60.450000000000003        1.0000290850000000        1.0000909381876375     
   60.549999999999997        1.0001112699999999        1.0001926785357071     
   60.649999999999999        1.0000972750000001        1.0000628225645132     
   60.750000000000000        1.0000846100000000        1.0001138527705540     
   60.850000000000001        1.0000693650000001        1.0000586917383478     
   60.950000000000003       0.99999537499999991        1.0000687837567512     
   61.049999999999997       0.99998882500000008        1.0001723444688937     
   61.149999999999999        1.0001085249999999        1.0000062012402480     
   61.250000000000000       0.99997541499999998        1.0001470394078815     
   61.350000000000001        1.0000823799999998        1.0000078915783155     
   61.450000000000003        1.0000444649999998        1.0000565213042609     
   61.549999999999997        1.0000517450000002        1.0000001800360072     
   61.649999999999999       0.99998541500000004       0.99999230846169229     
   61.750000000000000        1.0000440500000001        1.0000313162632528     
   61.850000000000001        1.0000454699999999        1.0001624524904982     
   61.950000000000003        1.0000267450000002        1.0000755251050211     
   62.049999999999997        1.0000179750000000       0.99998901780356075     
   62.149999999999999       0.99998312000000000       0.99996578315663120     
   62.250000000000000        1.0000607550000002        1.0000129425885178     
   62.350000000000001        1.0000211150000000        1.0000483896779355     
   62.450000000000003        1.0000375300000002        1.0000486197239449     
   62.549999999999997       0.99997206999999999        1.0000833166633327     
   62.649999999999999        1.0000102200000001        1.0000839767953589     
   62.750000000000000        1.0000504700000001        1.0001099619923985     
   62.850000000000001        1.0000262250000000       0.99999910982196449     
   62.950000000000003        1.0000456649999998        1.0001155831166233     
   63.049999999999997        1.0000220849999999        1.0000576015203040     
   63.149999999999999        1.0000506350000000        1.0000177535507102     
   63.250000000000000        1.0000076950000001        1.0000808761752349     
   63.350000000000001       0.99999680499999999        1.0000797059411881     
   63.450000000000003        1.0000799899999999       0.99998577715543135     
   63.549999999999997        1.0000017749999999        1.0000376475295059     
   63.649999999999999        1.0000433650000002       0.99997245449089822     
   63.750000000000000        1.0000128450000001        1.0000718643728743     
   63.850000000000001        1.0000576600000000       0.99997024404880974     
   63.950000000000003        1.0000589750000002        1.0000143128625725     
   64.049999999999997        1.0000964250000000       0.99995852170434074     
   64.150000000000006        1.0001039349999998       0.99997217443488706     
   64.250000000000000        1.0000644450000000        1.0000361672334468     
   64.349999999999994        1.0000668550000000        1.0000020804160834     
   64.450000000000003        1.0000677150000001       0.99996666333266659     
   64.549999999999997        1.0000843300000000       0.99997107421484299     
   64.650000000000006        1.0000657749999999        1.0000216843368674     
   64.750000000000000        1.0000855350000000       0.99992965593118632     
   64.849999999999994        1.0001150999999999        1.0000144728945788     
   64.950000000000003        1.0001129799999999        1.0000339267853571     
   65.049999999999997        1.0001650799999999       0.99992020404080817     
   65.150000000000006        1.0001432750000001       0.99994753950790161     
   65.250000000000000        1.0001196100000000        1.0000518403680736     
   65.349999999999994        1.0000454949999997       0.99999358871774335     
   65.450000000000003        1.0000805050000001       0.99995382076415285     
   65.549999999999997        1.0000578999999998       0.99999876975395074     
   65.650000000000006        1.0000452099999999       0.99998067613522723     
   65.750000000000000        1.0000394400000001        1.0000031306261252     
   65.849999999999994        1.0000235850000001        1.0000739247849570     
   65.950000000000003        1.0000536400000000        1.0000420284056812     
   66.049999999999997        1.0000408450000000        1.0000044408881774     
   66.150000000000006        1.0000730099999999       0.99999033806761350     
   66.250000000000000        1.0001134550000002       0.99995508101620334     
   66.349999999999994        1.0000409100000001       0.99996578315663132     
   66.450000000000003        1.0001113550000000        1.0000314962992598     
   66.549999999999997        1.0000400000000000        1.0000844968993798     
   66.650000000000006        1.0000063749999999        1.0001192538507702     
   66.750000000000000        1.0000709349999999        1.0001713342668535     
   66.849999999999994        1.0000071699999999        1.0000684736947389     
   66.950000000000003        1.0000801900000000        1.0000598219643928     
   67.049999999999997       0.99995064499999975        1.0001006901380276     
   67.150000000000006        1.0000042699999998        1.0001425785157030     
   67.250000000000000       0.99999181999999998        1.0000791858371674     
   67.349999999999994       0.99993220500000002        1.0001348169633928     
   67.450000000000003       0.99994278500000011        1.0001956291258252     
   67.549999999999997       0.99989459999999997        1.0001374074814964     
   67.650000000000006       0.99998517500000017        1.0000854570914184     
   67.750000000000000       0.99991204000000000        1.0001340568113624     
   67.849999999999994       0.99989033999999999        1.0001317763552711     
   67.950000000000003       0.99990594499999996        1.0002239847969594     
   68.049999999999997       0.99990121999999992        1.0001303360672134     
   68.150000000000006       0.99992143500000008        1.0001410882176436     
   68.250000000000000       0.99986679500000009        1.0002012102420483     
   68.349999999999994       0.99985203999999994        1.0002365473094619     
   68.450000000000003       0.99999059000000012        1.0002412882576515     
   68.549999999999997       0.99987938499999995        1.0001989297859570     
   68.650000000000006       0.99992375499999997        1.0001268453690739     
   68.750000000000000       0.99988845500000001        1.0001413582716543     
   68.849999999999994       0.99983423500000002        1.0001332866573314     
   68.950000000000003       0.99989507999999994        1.0001539807961592     
   69.049999999999997       0.99993178500000002        1.0001207041408280     
   69.150000000000006       0.99990710999999999        1.0001354170834167     
   69.250000000000000       0.99997403999999990        1.0001129725945188     
   69.349999999999994       0.99985005000000005        1.0001813162632527     
   69.450000000000003       0.99990277500000024        1.0001079715943191     
   69.549999999999997       0.99995349999999994        1.0001124424884975     
   69.650000000000006       0.99999521499999999        1.0001363172634528     
   69.750000000000000        1.0000444499999999        1.0000153930786155     
   69.849999999999994        1.0000351249999999        1.0001431086217243     
   69.950000000000003        1.0000202350000000        1.0000472694538907     
