   5.0000000000000003E-002   0.0000000000000000        0.0000000000000000     
  0.14999999999999999        0.0000000000000000        0.0000000000000000     
  0.25000000000000000        0.0000000000000000        0.0000000000000000     
  0.34999999999999998        0.0000000000000000        0.0000000000000000     
  0.45000000000000001        0.0000000000000000        0.0000000000000000     
  0.55000000000000004        0.0000000000000000        0.0000000000000000     
  0.65000000000000002        0.0000000000000000        0.0000000000000000     
  0.75000000000000000        0.0000000000000000        0.0000000000000000     
  0.84999999999999998        0.0000000000000000        0.0000000000000000     
  0.94999999999999996        0.0000000000000000        0.0000000000000000     
   1.0500000000000000        0.0000000000000000        0.0000000000000000     
   1.1499999999999999        0.0000000000000000        0.0000000000000000     
   1.2500000000000000        0.0000000000000000        0.0000000000000000     
   1.3500000000000001        0.0000000000000000        0.0000000000000000     
   1.4500000000000000        0.0000000000000000        0.0000000000000000     
   1.5500000000000000        0.0000000000000000        0.0000000000000000     
   1.6499999999999999        0.0000000000000000        0.0000000000000000     
   1.7500000000000000        0.0000000000000000        0.0000000000000000     
   1.8500000000000001        0.0000000000000000        0.0000000000000000     
   1.9500000000000000        0.0000000000000000        0.0000000000000000     
   2.0499999999999998        0.0000000000000000        0.0000000000000000     
   2.1499999999999999        0.0000000000000000        0.0000000000000000     
   2.2500000000000000        0.0000000000000000        0.0000000000000000     
   2.3500000000000001        0.0000000000000000        0.0000000000000000     
   2.4500000000000002        0.0000000000000000        0.0000000000000000     
   2.5499999999999998        0.0000000000000000        0.0000000000000000     
   2.6499999999999999        0.0000000000000000        0.0000000000000000     
   2.7500000000000000        0.0000000000000000        0.0000000000000000     
   2.8500000000000001        0.0000000000000000        0.0000000000000000     
   2.9500000000000002        0.0000000000000000        0.0000000000000000     
   3.0499999999999998        7.4856528484848486E-002   48.665868931362041     
   3.1499999999999999       0.13995299242424242        25.078159874399120     
   3.2500000000000000       0.23459305454545459        14.518278504185686     
   3.3500000000000001       0.36011297878787885        9.2201963119896728     
   3.4500000000000002       0.51456593636363634        6.3108090709050897     
   3.5499999999999998       0.69378412727272742        4.5906273982069141     
   3.6499999999999999       0.89108965909090920        3.5128959428249287     
   3.7500000000000000        1.0989194848484849        2.8026408615056342     
   3.8500000000000001        1.3099178939393941        2.3162167585032161     
   3.9500000000000002        1.5174885757575760        1.9727797074566431     
   4.0499999999999998        1.7144933181818178        1.7230258779028536     
   4.1500000000000004        1.8967892575757572        1.5371380942855235     
   4.2500000000000000        2.0615487575757578        1.3980590057405420     
   4.3499999999999996        2.2051782272727274        1.2922124424884980     
   4.4500000000000002        2.3269102878787882        1.2103500700140026     
   4.5499999999999998        2.4271459242424243        1.1487094388574683     
   4.6500000000000004        2.5069760303030302        1.1007320555020097     
   4.7500000000000000        2.5672528636363632        1.0653042729758073     
   4.8499999999999996        2.6106103181818185        1.0393221674637960     
   4.9500000000000002        2.6401994696969702        1.0212189710669406     
   5.0499999999999998        2.6588951363636362        1.0096330175125934     
   5.1500000000000004        2.6708857424242423        1.0042364594130946     
   5.2500000000000000        2.6790320151515159        1.0036148805518679     
   5.3499999999999996        2.6868858484848488        1.0081432043984555     
   5.4500000000000002        2.6954381818181821        1.0164289221480660     
   5.5499999999999998        2.7069775909090907        1.0287398994950505     
   5.6500000000000004        2.7215780606060598        1.0447400086077823     
   5.7500000000000000        2.7390713484848481        1.0642770372256272     
   5.8499999999999996        2.7607891363636368        1.0876114010680926     
   5.9500000000000002        2.7869199242424241        1.1139814326501662     
   6.0499999999999998        2.7155830757575754        1.1584191686822209     
   6.1500000000000004        2.4330296666666662        1.2204048991616505     
   6.2500000000000000        2.1382071969696970        1.2832770796583557     
   6.3499999999999996        1.8936114090909093        1.3450552534749374     
   6.4500000000000002        1.7029921969696971        1.4052602338649547     
   6.5499999999999998        1.5567282121212118        1.4624081482963265     
   6.6500000000000004        1.4446028030303033        1.5144850485248567     
   6.7500000000000000        1.3583649090909091        1.5615188189152982     
   6.8499999999999996        1.2918554696969695        1.6015778610267508     
   6.9500000000000002        1.2413465757575759        1.6347177920432574     
   7.0499999999999998        1.2021069696969695        1.6602103147902307     
   7.1500000000000004        1.1721662424242427        1.6780684015590996     
   7.2500000000000000        1.1500391060606061        1.6886561554735189     
   7.3499999999999996        1.1338346666666668        1.6926292228142599     
   7.4500000000000002        1.1234432121212121        1.6901513029878708     
   7.5499999999999998        1.1169903636363636        1.6823983887686627     
   7.6500000000000004        1.1141661818181818        1.6695828256560408     
   7.7500000000000000        1.1143700151515152        1.6524809507356018     
   7.8499999999999996        1.1172926212121215        1.6322637254723671     
   7.9500000000000002        1.1223969393939395        1.6091836852218930     
   8.0500000000000007        1.1293722272727276        1.5839961628689376     
   8.1500000000000004        1.1377128333333331        1.5571096643571138     
   8.2500000000000000        1.1476136212121211        1.5290893936363033     
   8.3499999999999996        1.1584747121212122        1.5000457364200113     
   8.4499999999999993        1.1701673939393942        1.4705030400019392     
   8.5500000000000007        1.1825741363636364        1.4403372795771279     
   8.6500000000000004        1.1950433939393941        1.4100238229464075     
   8.7500000000000000        1.2078359242424241        1.3790203798335421     
   8.8499999999999996        1.2207060909090908        1.3474962265180310     
   8.9499999999999993        1.2331379696969698        1.3152740245018701     
   9.0500000000000007        1.2452959848484846        1.2828089557305404     
   9.1500000000000004        1.2564430454545454        1.2505472609673454     
   9.2500000000000000        1.2661645757575757        1.2210154758224372     
   9.3499999999999996        1.2741261363636365        1.1952210138997494     
   9.4499999999999993        1.2803718484848485        1.1736013869440556     
   9.5500000000000007        1.2842600303030305        1.1559535543472332     
   9.6500000000000004        1.2867474696969696        1.1418281838185822     
   9.7500000000000000        1.2868668939393939        1.1304551516363879     
   9.8499999999999996        1.2850277424242424        1.1221478538131864     
   9.9499999999999993        1.2815878636363638        1.1158433504882797     
   10.050000000000001        1.2763297575757573        1.1116662726484692     
   10.150000000000000        1.2693785757575760        1.1088224917710814     
   10.250000000000000        1.2615287272727271        1.1074313347517988     
   10.350000000000000        1.2522601969696971        1.1070267386810695     
   10.449999999999999        1.2426185303030306        1.1078260803675886     
   10.550000000000001        1.2318951212121214        1.1091344329471955     
   10.650000000000000        1.2209929090909091        1.1111599289554879     
   10.750000000000000        1.2097507272727275        1.1136039329077936     
   10.850000000000000        1.1984462727272729        1.1161365303363704     
   10.949999999999999        1.1870533636363638        1.1189494565579783     
   11.050000000000001        1.1759723484848483        1.1218951366030783     
   11.150000000000000        1.1651591969696971        1.1245241472536931     
   11.250000000000000        1.1546412575757579        1.1272358107985232     
   11.350000000000000        1.1447370303030304        1.1297919887007706     
   11.449999999999999        1.1349683939393942        1.1320074014802959     
   11.550000000000001        1.1259438333333334        1.1336980123297387     
   11.650000000000000        1.1176899090909092        1.1351738226433168     
   11.750000000000000        1.1098948636363637        1.1361691126104008     
   11.850000000000000        1.1025932424242422        1.1364017045833410     
   11.949999999999999        1.0961905606060607        1.1365362163341761     
   12.050000000000001        1.0903908181818180        1.1359180927094508     
   12.150000000000000        1.0854722727272725        1.1350785308576865     
   12.250000000000000        1.0812832121212119        1.1334249577188167     
   12.350000000000000        1.0775243484848485        1.1312492801590621     
   12.449999999999999        1.0747340151515150        1.1288008207702145     
   12.550000000000001        1.0724503030303030        1.1257557875211408     
   12.650000000000000        1.0707830000000000        1.1224906799541727     
   12.750000000000000        1.0696276363636366        1.1188140658434718     
   12.850000000000000        1.0688223030303028        1.1147964744464045     
   12.949999999999999        1.0683093484848483        1.1107865512496438     
   13.050000000000001        1.0681411666666667        1.1063759115459455     
   13.150000000000000        1.0680363636363637        1.1018896809664964     
   13.250000000000000        1.0681847727272729        1.0975425085017003     
   13.350000000000000        1.0683613787878792        1.0931469324167866     
   13.449999999999999        1.0686245454545453        1.0887777555511104     
   13.550000000000001        1.0688553787878787        1.0844076391035784     
   13.650000000000000        1.0690628181818185        1.0803445537592367     
   13.750000000000000        1.0691397424242421        1.0763994920196160     
   13.850000000000000        1.0692836666666667        1.0726074002679327     
   13.949999999999999        1.0691872272727272        1.0690409900161850     
   14.050000000000001        1.0691037272727275        1.0656951996459900     
   14.150000000000000        1.0687865454545455        1.0624909830450939     
   14.250000000000000        1.0683801818181817        1.0596582952954228     
   14.350000000000000        1.0677497272727274        1.0571182418301843     
   14.449999999999999        1.0671462727272729        1.0546204392393630     
   14.550000000000001        1.0662682575757576        1.0525706959573735     
   14.650000000000000        1.0651005606060604        1.0507274788290990     
   14.750000000000000        1.0639358030303030        1.0489455769941869     
   14.850000000000000        1.0626037727272730        1.0473123109470379     
   14.949999999999999        1.0611164999999998        1.0460513617875087     
   15.050000000000001        1.0597372424242422        1.0450695290573266     
   15.150000000000000        1.0579971515151516        1.0439609133948002     
   15.250000000000000        1.0562227727272724        1.0431193814520479     
   15.350000000000000        1.0544657575757574        1.0426222820321642     
   15.449999999999999        1.0526766515151516        1.0419154133857074     
   15.550000000000001        1.0508000757575759        1.0414443494759558     
   15.650000000000000        1.0489039393939392        1.0409175471457928     
   15.750000000000000        1.0473145303030300        1.0405831469324167     
   15.850000000000000        1.0453442121212122        1.0403528887595701     
   15.949999999999999        1.0435182878787881        1.0399550213072919     
   16.050000000000001        1.0418215151515151        1.0395639734007409     
   16.149999999999999        1.0402271212121210        1.0392723696254405     
   16.250000000000000        1.0385750606060609        1.0388234313529372     
   16.350000000000001        1.0370541818181818        1.0384147132456796     
   16.449999999999999        1.0356215909090909        1.0380944673783241     
   16.550000000000001        1.0341678636363636        1.0376030963768510     
   16.649999999999999        1.0330584393939395        1.0371562797407965     
   16.750000000000000        1.0319035606060605        1.0365982893548404     
   16.850000000000001        1.0307946515151514        1.0359637685112779     
   16.949999999999999        1.0296277878787881        1.0353542526687154     
   17.050000000000001        1.0287191212121214        1.0346854219328714     
   17.149999999999999        1.0279641060606062        1.0341079428006812     
   17.250000000000000        1.0271711060606057        1.0332472858208006     
   17.350000000000001        1.0263874242424240        1.0325643007389358     
   17.449999999999999        1.0258261363636361        1.0317042802499894     
   17.550000000000001        1.0251412424242425        1.0309344596191965     
   17.649999999999999        1.0247047727272727        1.0300131238368886     
   17.750000000000000        1.0241610151515150        1.0291832912036951     
   17.850000000000001        1.0236664090909091        1.0282844144586489     
   17.949999999999999        1.0232998484848483        1.0274391848066584     
   18.050000000000001        1.0229945606060604        1.0266369334472958     
   18.149999999999999        1.0226289242424245        1.0257019585735325     
   18.250000000000000        1.0222581666666666        1.0249120127055715     
   18.350000000000001        1.0219411666666667        1.0239969205962403     
   18.449999999999999        1.0217363333333334        1.0233360611516245     
   18.550000000000001        1.0213391060606063        1.0224673116441467     
   18.649999999999999        1.0209008939393938        1.0217014311953299     
   18.750000000000000        1.0206544696969697        1.0209883491849885     
   18.850000000000001        1.0203825000000000        1.0202754490291999     
   18.949999999999999        1.0199739545454545        1.0196436256948358     
   19.050000000000001        1.0196510909090908        1.0190550534349294     
   19.149999999999999        1.0193008030303030        1.0184415671012992     
   19.250000000000000        1.0189047727272726        1.0179541059727097     
   19.350000000000001        1.0185757575757577        1.0173950850776217     
   19.449999999999999        1.0182068484848485        1.0167412270332854     
   19.550000000000001        1.0178216060606060        1.0164207083841008     
   19.649999999999999        1.0173980000000000        1.0159814387119845     
   19.750000000000000        1.0170180909090907        1.0154290858171633     
   19.850000000000001        1.0166174696969696        1.0151566070789915     
   19.949999999999999        1.0161811060606061        1.0148579412852266     
   20.050000000000001        1.0157206212121213        1.0144887765431874     
   20.149999999999999        1.0153498030303028        1.0142085386774324     
   20.250000000000000        1.0148486060606063        1.0139034473561379     
   20.350000000000001        1.0144850151515152        1.0135514678693309     
   20.449999999999999        1.0140709848484848        1.0133370007334801     
   20.550000000000001        1.0135980000000000        1.0131348997072140     
   20.649999999999999        1.0132129848484848        1.0127913764571097     
   20.750000000000000        1.0128464393939394        1.0126812332163400     
   20.850000000000001        1.0124646363636365        1.0124091484963655     
   20.949999999999999        1.0121120151515153        1.0121181509029076     
   21.050000000000001        1.0117728484848487        1.0119376602593246     
   21.149999999999999        1.0114203333333336        1.0118007540902121     
   21.250000000000000        1.0110261212121210        1.0115269417519868     
   21.350000000000001        1.0107731818181818        1.0113096558705681     
   21.449999999999999        1.0104059393939395        1.0111043420805372     
   21.550000000000001        1.0101117727272726        1.0108219522692419     
   21.649999999999999        1.0097809090909093        1.0106013020785976     
   21.750000000000000        1.0095044393939392        1.0104283887080450     
   21.850000000000001        1.0092882424242422        1.0102077991355847     
   21.949999999999999        1.0090641969696967        1.0099828147447671     
   22.050000000000001        1.0088281969696968        1.0097102147702268     
   22.149999999999999        1.0086038030303031        1.0094317651409075     
   22.250000000000000        1.0083822272727272        1.0092040529317985     
   22.350000000000001        1.0081501666666668        1.0090208647790162     
   22.449999999999999        1.0079888939393939        1.0088051852794802     
   22.550000000000001        1.0077413181818184        1.0085735935065800     
   22.649999999999999        1.0075999393939392        1.0084031351724891     
   22.750000000000000        1.0074436818181818        1.0081026205241048     
   22.850000000000001        1.0072953939393938        1.0078874562791347     
   22.949999999999999        1.0071713787878791        1.0077310916728801     
   23.050000000000001        1.0070315454545453        1.0074470045524258     
   23.149999999999999        1.0068530303030303        1.0072285366164140     
   23.250000000000000        1.0067017424242426        1.0070202525353555     
   23.350000000000001        1.0065774696969698        1.0067825686349390     
   23.449999999999999        1.0064705000000003        1.0066124740099536     
   23.550000000000001        1.0063219393939393        1.0063943394739552     
   23.649999999999999        1.0061811060606063        1.0062543720865387     
   23.750000000000000        1.0060708636363636        1.0060094140040132     
   23.850000000000001        1.0058721666666668        1.0058748719440860     
   23.949999999999999        1.0058353939393938        1.0057192347560424     
   24.050000000000001        1.0056117121212120        1.0055975134420825     
   24.149999999999999        1.0055598181818182        1.0054690028914872     
   24.250000000000000        1.0054310303030303        1.0053103954124158     
   24.350000000000001        1.0052834545454545        1.0051613049882706     
   24.449999999999999        1.0051600000000001        1.0050231258372888     
   24.550000000000001        1.0050497878787878        1.0049022531779082     
   24.649999999999999        1.0048336515151512        1.0047992931919716     
   24.750000000000000        1.0047929545454546        1.0046917868422167     
   24.850000000000001        1.0046219545454544        1.0045281480538533     
   24.949999999999999        1.0045155454545451        1.0044979905071922     
   25.050000000000001        1.0043658636363635        1.0043840283208156     
   25.149999999999999        1.0042903636363636        1.0042753096073758     
   25.250000000000000        1.0041687878787879        1.0041676820212528     
   25.350000000000001        1.0040546060606061        1.0040754514539272     
   25.449999999999999        1.0038755454545454        1.0039621560675771     
   25.550000000000001        1.0038155606060606        1.0038909297010918     
   25.649999999999999        1.0037218181818184        1.0038056096067696     
   25.750000000000000        1.0036536060606061        1.0036833124200597     
   25.850000000000001        1.0035079696969695        1.0036747349469894     
   25.949999999999999        1.0033953787878787        1.0035828377796772     
   26.050000000000001        1.0033709545454543        1.0035149454133252     
   26.149999999999999        1.0031560000000002        1.0033575502979384     
   26.250000000000000        1.0031517727272727        1.0032776555311060     
   26.350000000000001        1.0030524393939395        1.0031905775094412     
   26.449999999999999        1.0030051212121212        1.0031661483811913     
   26.550000000000001        1.0028776363636362        1.0030821315778309     
   26.649999999999999        1.0028280151515152        1.0030513981584195     
   26.750000000000000        1.0027843181818181        1.0029091575890934     
   26.850000000000001        1.0026721818181819        1.0028699982420728     
   26.949999999999999        1.0025981969696971        1.0027482769281126     
   27.050000000000001        1.0024995666666667        1.0027457309643748     
   27.149999999999999        1.0025073181818183        1.0025658465026341     
   27.250000000000000        1.0023681151515151        1.0025932459219118     
   27.350000000000001        1.0023332954545456        1.0024910527560056     
   27.449999999999999        1.0022523121212121        1.0024218601296015     
   27.550000000000001        1.0022223272727273        1.0023648972218684     
   27.649999999999999        1.0021829727272729        1.0023003873501972     
   27.750000000000000        1.0020715287878788        1.0022282183709468     
   27.850000000000001        1.0020896848484846        1.0021450593148933     
   27.949999999999999        1.0019886484848488        1.0021431649966355     
   28.050000000000001        1.0019565606060605        1.0019873429231301     
   28.149999999999999        1.0018883893939394        1.0020293119229911     
   28.250000000000000        1.0018159242424245        1.0019077997417665     
   28.350000000000001        1.0018388454545453        1.0018797001824611     
   28.449999999999999        1.0018260363636360        1.0017547600429175     
   28.550000000000001        1.0016589348484848        1.0017781435074891     
   28.649999999999999        1.0016882833333329        1.0017344923530156     
   28.750000000000000        1.0016434060606061        1.0016742894033350     
   28.850000000000001        1.0016505636363635        1.0016109221844367     
   28.949999999999999        1.0015676469696970        1.0015795643977281     
   29.050000000000001        1.0015543757575758        1.0015071529457404     
   29.149999999999999        1.0014317606060603        1.0014841301593655     
   29.250000000000000        1.0013725348484850        1.0014476834760890     
   29.350000000000001        1.0013893621212122        1.0014216600895938     
   29.449999999999999        1.0013385818181817        1.0013670612910461     
   29.550000000000001        1.0012951424242424        1.0013310025641491     
   29.649999999999999        1.0012491727272730        1.0012514745373318     
   29.750000000000000        1.0012340636363639        1.0012173222523293     
   29.850000000000001        1.0011648075757575        1.0011697642558814     
   29.949999999999999        1.0011430484848487        1.0011653694375240     
   30.050000000000001        1.0010849151515151        1.0010856716797905     
   30.149999999999999        1.0010414363636362        1.0010561203149722     
   30.250000000000000        1.0010090803030305        1.0010016124437009     
   30.350000000000001        1.0009724621212119        1.0009899949686909     
   30.449999999999999        1.0009309545454546        1.0009818751629109     
   30.550000000000001        1.0009137348484847        1.0009675147150641     
   30.649999999999999        1.0009151757575758        1.0009123733837677     
   30.750000000000000        1.0008493121212119        1.0008888898991919     
   30.850000000000001        1.0008527045454545        1.0008661368637364     
   30.949999999999999        1.0007627606060607        1.0008260439966781     
   31.050000000000001        1.0007348939393941        1.0008339940715418     
   31.149999999999999        1.0007690818181818        1.0007942830990439     
   31.250000000000000        1.0007261000000001        1.0007641376760201     
   31.350000000000001        1.0006990515151513        1.0007558693556893     
   31.449999999999999        1.0006435196969696        1.0006670303757723     
   31.550000000000001        1.0006132666666665        1.0006726375578145     
   31.649999999999999        1.0005856484848485        1.0006431013475428     
   31.750000000000000        1.0005887242424241        1.0006113677280912     
   31.850000000000001        1.0005471454545456        1.0006253947759249     
   31.949999999999999        1.0004955636363637        1.0006221759503413     
   32.049999999999997        1.0005333227272726        1.0005603060005941     
   32.149999999999999        1.0004809803030303        1.0005397503743172     
   32.250000000000000        1.0004522499999999        1.0005054647293095     
   32.350000000000001        1.0004514045454544        1.0004774076027327     
   32.450000000000003        1.0003619424242425        1.0004635866567253     
   32.549999999999997        1.0003533196969701        1.0004474773742627     
   32.649999999999999        1.0004067333333335        1.0004286675516922     
   32.750000000000000        1.0003976469696969        1.0003674553092436     
   32.850000000000001        1.0002987060606059        1.0003478907902794     
   32.950000000000003        1.0003452863636364        1.0003282747458582     
   33.049999999999997        1.0002929803030305        1.0003008722956714     
   33.149999999999999        1.0002802848484851        1.0003662550691956     
   33.250000000000000        1.0002842954545454        1.0002621251523032     
   33.350000000000001        1.0002095651515153        1.0002839052659016     
   33.450000000000003        1.0002260772727274        1.0002754156891986     
   33.549999999999997        1.0001729272727273        1.0002190377469433     
   33.649999999999999        1.0002239060606062        1.0001998248134474     
   33.750000000000000        1.0001361560606061        1.0001746712978961     
   33.850000000000001        1.0001587151515152        1.0001790054980697     
   33.950000000000003        1.0001226924242426        1.0001496966059877     
   34.049999999999997        1.0001287803030303        1.0001160050191855     
   34.149999999999999        1.0001266136363638        1.0001124315772247     
   34.250000000000000        1.0001326757575757        1.0001446562039682     
   34.350000000000001        1.0000563181818181        1.0000707868846497     
   34.450000000000003        1.0000677787878787        1.0000589602769039     
   34.549999999999997       0.99999590454545473        1.0000076227366683     
   34.649999999999999        1.0000693742424243        1.0000146999096786     
   34.750000000000000        1.0000111500000002       0.99999822691811080     
   34.850000000000001        1.0000042787878787       0.99997149126795071     
   34.950000000000003       0.99994436515151519       0.99995504858547468     
   35.049999999999997       0.99991906060606062       0.99993345032642889     
   35.149999999999999       0.99989987272727276       0.99997868058460182     
   35.250000000000000       0.99987701969696974       0.99991834730582463     
   35.350000000000001       0.99989084393939398       0.99993703892293595     
   35.450000000000003       0.99986523181818177       0.99987751186600937     
   35.549999999999997       0.99993120606060604       0.99986484872732140     
   35.649999999999999       0.99983588787878785       0.99987117726575625     
   35.750000000000000       0.99979849545454547       0.99985921123618682     
   35.850000000000001       0.99980750909090910       0.99984927894669806     
   35.950000000000003       0.99977544393939399       0.99979976601380882     
   36.049999999999997       0.99981877121212093       0.99980412143034658     
   36.149999999999999       0.99976926666666666       0.99980211799935714     
   36.250000000000000       0.99973738939393952       0.99981896379275847     
   36.350000000000001       0.99975549393939411       0.99976824152709343     
   36.450000000000003       0.99973907727272726       0.99975587844841696     
   36.549999999999997       0.99973929242424231       0.99976134317772669     
   36.649999999999999       0.99972054696969703       0.99975284753920479     
   36.750000000000000       0.99970393030303006       0.99970986318475830     
   36.850000000000001       0.99970564393939398       0.99972316584529031     
   36.950000000000003       0.99969253030303018       0.99969106245491524     
   37.049999999999997       0.99969446060606060       0.99969861244976266     
   37.149999999999999       0.99968949848484867       0.99969519055326206     
   37.250000000000000       0.99965638787878808       0.99967227384870905     
   37.350000000000001       0.99968872575757572       0.99966194754102322     
   37.450000000000003       0.99963383333333344       0.99966032600459465     
   37.549999999999997       0.99965850303030290       0.99963282050349456     
   37.649999999999999       0.99962342878787891       0.99965115750422806     
   37.750000000000000       0.99960894242424247       0.99963494820176146     
   37.850000000000001       0.99962760151515162       0.99962034225026863     
   37.950000000000003       0.99960473939393935       0.99958103135778664     
   38.049999999999997       0.99961448484848492       0.99956505543532936     
   38.149999999999999       0.99958856666666673       0.99957478768480967     
   38.250000000000000       0.99955370151515144       0.99956005140422033     
   38.350000000000001       0.99954015454545453       0.99954533330908624     
   38.450000000000003       0.99956470303030309       0.99953415531591161     
   38.549999999999997       0.99953801969696965       0.99954570308001001     
   38.649999999999999       0.99954338333333337       0.99957064140100760     
   38.750000000000000       0.99953460757575763       0.99953064552304394     
   38.850000000000001       0.99954713030303011       0.99951344511326501     
   38.950000000000003       0.99951739545454543       0.99951088096407170     
   39.049999999999997       0.99947136666666658       0.99948771269405412     
   39.149999999999999       0.99948393484848497       0.99950195493644167     
   39.250000000000000       0.99949626212121223       0.99948586990125310     
   39.350000000000001       0.99944689242424234       0.99950223074917988     
   39.450000000000003       0.99943935606060608       0.99949471106342458     
   39.549999999999997       0.99948801515151509       0.99950778943667518     
   39.649999999999999       0.99946045606060607       0.99944782895973117     
   39.750000000000000       0.99944030909090897       0.99948582443761491     
   39.850000000000001       0.99946691666666654       0.99943976674122692     
   39.950000000000003       0.99946944696969697       0.99951131135317972     
   40.049999999999997       0.99940591666666667       0.99945498190547211     
   40.149999999999999       0.99941144545454541       0.99947372807894908     
   40.250000000000000       0.99941289393939381       0.99946265010577839     
   40.350000000000001       0.99942938787878788       0.99942321797692879     
   40.450000000000003       0.99936626060606071       0.99937596913322035     
   40.549999999999997       0.99939579242424248       0.99942002642952832     
   40.649999999999999       0.99936633484848469       0.99939623985403137     
   40.750000000000000       0.99942105454545471       0.99939069935199154     
   40.850000000000001       0.99937610454545467       0.99936231488721994     
   40.950000000000003       0.99934100909090917       0.99941359180927092     
   41.049999999999997       0.99934399393939388       0.99935125509950473     
   41.149999999999999       0.99936135151515149       0.99937668139688529     
   41.250000000000000       0.99932786060606071       0.99937670867506845     
   41.350000000000001       0.99938312575757571       0.99933090557505411     
   41.450000000000003       0.99933319696969702       0.99931606624355196     
   41.549999999999997       0.99934936969696975       0.99935464971782251     
   41.649999999999999       0.99934390757575753       0.99933613995526371     
   41.750000000000000       0.99930953787878796       0.99933385464971791     
   41.850000000000001       0.99933354696969701       0.99932439518206684     
   41.950000000000003       0.99934550606060590       0.99932647741669534     
   42.049999999999997       0.99931669242424226       0.99932806864403179     
   42.149999999999999       0.99930431515151519       0.99931641479811129     
   42.250000000000000       0.99931896969696965       0.99931991852916024     
   42.350000000000001       0.99928288939393961       0.99925865476125519     
   42.450000000000003       0.99926911060606061       0.99929725035916317     
   42.549999999999997       0.99929426818181799       0.99927210593633864     
   42.649999999999999       0.99929917575757565       0.99929247667715349     
   42.750000000000000       0.99929358181818184       0.99925816981578131     
   42.850000000000001       0.99924661060606057       0.99925624821934078     
   42.950000000000003       0.99929432727272727       0.99925977316675452     
   43.049999999999997       0.99926944696969699       0.99927650075469643     
   43.149999999999999       0.99924198030303035       0.99924875278085945     
   43.250000000000000       0.99923420454545475       0.99923854164772341     
   43.350000000000001       0.99923557272727281       0.99925959131220154     
   43.450000000000003       0.99921761363636352       0.99924844059721041     
   43.549999999999997       0.99925262424242434       0.99924205447150027     
   43.649999999999999       0.99924061060606051       0.99922319312347319     
   43.750000000000000       0.99920788333333310       0.99921467323767776     
   43.850000000000001       0.99924512727272718       0.99921092703389125     
   43.950000000000003       0.99920327575757573       0.99919719095334214     
   44.049999999999997       0.99919642424242416       0.99922241114889654     
   44.149999999999999       0.99919633939393959       0.99916640297756532     
   44.250000000000000       0.99921582424242406       0.99921102705389564     
   44.350000000000001       0.99917303787878775       0.99920825377196643     
   44.450000000000003       0.99918835909090886       0.99920224650990785     
   44.549999999999997       0.99917837727272740       0.99921156049391691     
   44.649999999999999       0.99917866818181822       0.99920803554650350     
   44.750000000000000       0.99917969696969688       0.99919004103851072     
   44.850000000000001       0.99917933333333331       0.99915503403711026     
   44.950000000000003       0.99917071666666657       0.99917241327053308     
   45.049999999999997       0.99917767878787878       0.99917981171991954     
   45.149999999999999       0.99915929545454540       0.99917615947431926     
   45.250000000000000       0.99913403787878785       0.99912187589032941     
   45.350000000000001       0.99917573333333332       0.99916043814823574     
   45.450000000000003       0.99914289545454560       0.99916034419005029     
   45.549999999999997       0.99912078030303042       0.99914667478950359     
   45.649999999999999       0.99911590757575763       0.99914600495856754     
   45.750000000000000       0.99914224545454533       0.99914225875478135     
   45.850000000000001       0.99912878333333344       0.99911927537022549     
   45.950000000000003       0.99914794393939399       0.99914680814950874     
   46.049999999999997       0.99911938939393941       0.99910627883152403     
   46.149999999999999       0.99913004999999999       0.99909537362017853     
   46.250000000000000       0.99910799696969699       0.99910372377505807     
   46.350000000000001       0.99910067727272711       0.99910265689501510     
   46.450000000000003       0.99910086060606074       0.99910553019694859     
   46.549999999999997       0.99909623484848487       0.99908927846175277     
   46.649999999999999       0.99908175151515155       0.99909045445452738     
   46.750000000000000       0.99909555151515161       0.99906823789000210     
   46.850000000000001       0.99906997272727271       0.99908107985233408     
   46.950000000000003       0.99905271060606049       0.99908805397443134     
   47.049999999999997       0.99907171363636349       0.99907840962131833     
   47.149999999999999       0.99907146515151513       0.99907590002849056     
   47.250000000000000       0.99904880909090910       0.99907509380664028     
   47.350000000000001       0.99905373636363626       0.99908883897991696     
   47.450000000000003       0.99902561969696935       0.99905448968581612     
   47.549999999999997       0.99903495606060599       0.99905163456933799     
   47.649999999999999       0.99903661666666665       0.99904584856365208     
   47.750000000000000       0.99903254848484857       0.99903579200688641     
   47.850000000000001       0.99902754090909107       0.99904395727630380     
   47.950000000000003       0.99900854090909097       0.99904839755829988     
   48.049999999999997       0.99903347575757584       0.99899336230882541     
   48.149999999999999       0.99901911363636364       0.99905328338394972     
   48.250000000000000       0.99902946818181837       0.99902097692265734     
   48.350000000000001       0.99902986515151526       0.99904931592379087     
   48.450000000000003       0.99900420909090903       0.99900667406208510     
   48.549999999999997       0.99899835757575750       0.99900768335485302     
   48.649999999999999       0.99899953636363636       0.99899659931986384     
   48.750000000000000       0.99899170757575773       0.99900665284572088     
   48.850000000000001       0.99898046818181818       0.99897506167900263     
   48.950000000000003       0.99899571969696965       0.99897818957730922     
   49.049999999999997       0.99898120606060603       0.99896869980056613     
   49.149999999999999       0.99898273939393922       0.99895246625082601     
   49.250000000000000       0.99899905606060613       0.99896591136409085     
   49.350000000000001       0.99897287878787866       0.99896041329477980     
   49.450000000000003       0.99895506212121221       0.99893746931204441     
   49.549999999999997       0.99897609545454547       0.99893501730649170     
   49.649999999999999       0.99895130757575745       0.99893565379742622     
   49.750000000000000       0.99896273939393931       0.99894634381421721     
   49.850000000000001       0.99894703030303011       0.99895168427624914     
   49.950000000000003       0.99895098484848510       0.99895960101111136     
   50.049999999999997       0.99895233636363623       0.99892997084265300     
   50.149999999999999       0.99893707727272729       0.99894013045033270     
   50.250000000000000       0.99895698787878784       0.99895318760721852     
   50.350000000000001       0.99890077727272741       0.99897257330253930     
   50.450000000000003       0.99895021363636360       0.99894367055229238     
   50.549999999999997       0.99892307727272711       0.99892948589717934     
   50.649999999999999       0.99890234393939403       0.99894940806343069     
   50.750000000000000       0.99889233030303037       0.99890639339989207     
   50.850000000000001       0.99890265606060602       0.99890153182151575     
   50.950000000000003       0.99890582272727280       0.99892236326053085     
   51.049999999999997       0.99891497575757593       0.99891226427103608     
   51.149999999999999       0.99889566363636340       0.99890370498342107     
   51.250000000000000       0.99888817424242426       0.99891026690186524     
   51.350000000000001       0.99890545757575766       0.99891470112204261     
   51.450000000000003       0.99892819999999971       0.99891029721095725     
   51.549999999999997       0.99890973939393923       0.99888977795559120     
   51.649999999999999       0.99888958636363645       0.99890494159437959     
   51.750000000000000       0.99888433484848482       0.99890491734710563     
   51.850000000000001       0.99889213030303026       0.99891711372577519     
   51.950000000000003       0.99890662878787873       0.99889328471754946     
   52.049999999999997       0.99889469393939390       0.99889398485757752     
   52.149999999999999       0.99887331666666679       0.99891541338570722     
   52.250000000000000       0.99886653787878799       0.99888578927906779     
   52.350000000000001       0.99891236515151494       0.99888054883704025     
   52.450000000000003       0.99888995454545437       0.99888217037346860     
   52.549999999999997       0.99888576363636361       0.99887171676759645     
   52.649999999999999       0.99886563484848490       0.99889223602296195     
   52.750000000000000       0.99889465757575746       0.99888304327532174     
   52.850000000000001       0.99888611666666671       0.99887413240223821     
   52.950000000000003       0.99887629393939403       0.99885800796522939     
   53.049999999999997       0.99888524090909092       0.99889072966108383     
   53.149999999999999       0.99885910909090936       0.99888905963010799     
   53.250000000000000       0.99887637727272738       0.99890309577066938     
   53.350000000000001       0.99890357424242415       0.99887163493304731     
   53.450000000000003       0.99889079545454551       0.99888387677535495     
   53.549999999999997       0.99889946969696963       0.99886273012178217     
   53.649999999999999       0.99888933333333352       0.99887331102584154     
   53.750000000000000       0.99890245151515167       0.99889244212478845     
   53.850000000000001       0.99886545606060617       0.99886867373474686     
   53.950000000000003       0.99889666969696966       0.99885867476525614     
   54.049999999999997       0.99885571363636350       0.99888601659725873     
   54.149999999999999       0.99886596666666683       0.99887121666757595     
   54.250000000000000       0.99888924999999984       0.99890297150339180     
   54.350000000000001       0.99888245909090911       0.99889495777943460     
   54.450000000000003       0.99888056515151535       0.99888635909000012     
   54.549999999999997       0.99887749696969708       0.99888836252098889     
   54.649999999999999       0.99888789545454537       0.99891386762200907     
   54.750000000000000       0.99889673030303028       0.99889235119751207     
   54.850000000000001       0.99885074848484845       0.99888253105166469     
   54.950000000000003       0.99887311666666667       0.99888166724253935     
   55.049999999999997       0.99888541060606051       0.99888296144077315     
   55.149999999999999       0.99887754545454555       0.99891371304563914     
   55.250000000000000       0.99888460151515168       0.99888167027344854     
   55.350000000000001       0.99886983333333346       0.99890807858541408     
   55.450000000000003       0.99890653787878780       0.99890519012893519     
   55.549999999999997       0.99886290303030323       0.99888767147368884     
   55.649999999999999       0.99888320000000008       0.99889906769232661     
   55.750000000000000       0.99888191666666670       0.99889572156855622     
   55.850000000000001       0.99888767121212130       0.99889422126849658     
   55.950000000000003       0.99886842272727261       0.99888670764455934     
   56.049999999999997       0.99886559848484846       0.99887967290427759     
   56.149999999999999       0.99885926666666680       0.99887970624427924     
   56.250000000000000       0.99890323939393921       0.99887712997144862     
   56.350000000000001       0.99891055606060597       0.99887671170597747     
   56.450000000000003       0.99890098939393945       0.99887055896027688     
   56.549999999999997       0.99889393030303020       0.99889408487758169     
   56.649999999999999       0.99889581969696972       0.99888259166984905     
   56.750000000000000       0.99890333484848493       0.99888011238611363     
   56.850000000000001       0.99889909090909113       0.99887318069674536     
   56.950000000000003       0.99891329242424254       0.99891534367479562     
   57.049999999999997       0.99889559545454543       0.99889369085938373     
   57.149999999999999       0.99890073333333329       0.99888245830984357     
   57.250000000000000       0.99891116666666679       0.99889182685021849     
   57.350000000000001       0.99890978333333336       0.99887038922936089     
   57.450000000000003       0.99894927575757575       0.99889109033928003     
   57.549999999999997       0.99890681666666659       0.99889641867767498     
   57.649999999999999       0.99890166212121212       0.99891734104396657     
   57.750000000000000       0.99891191212121200       0.99890218043608747     
   57.850000000000001       0.99891112878787891       0.99889907678505396     
   57.950000000000003       0.99891535454545455       0.99892501530609157     
   58.049999999999997       0.99892754242424231       0.99892411209514631     
   58.149999999999999       0.99892000757575761       0.99892692477889500     
   58.250000000000000       0.99891348484848486       0.99892337861511704     
   58.350000000000001       0.99892610909090906       0.99894654991604392     
   58.450000000000003       0.99893394545454539       0.99892225717870842     
   58.549999999999997       0.99894006060606055       0.99891654997666202     
   58.649999999999999       0.99890179090909104       0.99891289166924313     
   58.750000000000000       0.99891016969696966       0.99890935156728311     
   58.850000000000001       0.99891743787878773       0.99893522340831808     
   58.950000000000003       0.99889464848484844       0.99892814017348908     
   59.049999999999997       0.99889892272727288       0.99893167118272141     
   59.149999999999999       0.99892294545454552       0.99893612965017231     
   59.250000000000000       0.99892052575757573       0.99894386756139097     
   59.350000000000001       0.99892081212121209       0.99893364430461851     
   59.450000000000003       0.99890916363636362       0.99895264810537876     
   59.549999999999997       0.99893268636363641       0.99895247231264450     
   59.649999999999999       0.99892043636363625       0.99893105893906053     
   59.750000000000000       0.99895040606060626       0.99890018003600700     
   59.850000000000001       0.99892771969696981       0.99892822806985626     
   59.950000000000003       0.99890504090909071       0.99896793904235393     
   60.049999999999997       0.99893906818181843       0.99893353519188666     
   60.149999999999999       0.99891530151515129       0.99895427570362572     
   60.250000000000000       0.99892974242424237       0.99894584977601564     
   60.350000000000001       0.99895002878787864       0.99892751277528224     
   60.450000000000003       0.99891502575757563       0.99895822497832898     
   60.549999999999997       0.99895424242424258       0.99895407869452668     
   60.649999999999999       0.99892055909090904       0.99895661859644647     
   60.750000000000000       0.99893331212121228       0.99895508192547611     
   60.850000000000001       0.99894611818181822       0.99895859474925297     
   60.950000000000003       0.99894866515151515       0.99895786733104186     
   61.049999999999997       0.99897407272727268       0.99894295525771803     
   61.149999999999999       0.99894674848484843       0.99896205907848235     
   61.250000000000000       0.99895707727272720       0.99896393218037538     
   61.350000000000001       0.99896353636363633       0.99895204192353615     
   61.450000000000003       0.99894418787878803       0.99894899889068700     
   61.549999999999997       0.99896686969696979       0.99896728739687324     
   61.649999999999999       0.99896393181818177       0.99893963641213102     
   61.750000000000000       0.99896133333333337       0.99896777840416584     
   61.850000000000001       0.99894644393939402       0.99896004352385626     
   61.950000000000003       0.99897280757575746       0.99896907563330850     
   62.049999999999997       0.99896706212121233       0.99895777640376549     
   62.149999999999999       0.99895684696969711       0.99893437172282940     
   62.250000000000000       0.99897020151515148       0.99895727933465484     
   62.350000000000001       0.99896358030303034       0.99896492328768793     
   62.450000000000003       0.99896096212121210       0.99896510514224057     
   62.549999999999997       0.99896315606060626       0.99897200046069812     
   62.649999999999999       0.99896955909090923       0.99896528396588413     
   62.750000000000000       0.99896095000000007       0.99896514151315108     
   62.850000000000001       0.99897284393939390       0.99896150139118733     
   62.950000000000003       0.99896270909090923       0.99895981317475624     
   63.049999999999997       0.99893950909090901       0.99897132456794380     
   63.149999999999999       0.99897792878787883       0.99897325828802108     
   63.250000000000000       0.99900011969696956       0.99896525062588282     
   63.350000000000001       0.99897446666666678       0.99897660744270034     
   63.450000000000003       0.99895285151515156       0.99895138421623719     
   63.549999999999997       0.99894654999999988       0.99896191056393102     
   63.649999999999999       0.99897057575757575       0.99896642358774812     
   63.750000000000000       0.99897432878787873       0.99898868258500184     
   63.850000000000001       0.99896126666666674       0.99897843205004622     
   63.950000000000003       0.99900494545454532       0.99897696205907860     
   64.049999999999997       0.99896505151515158       0.99898652760855200     
   64.150000000000006       0.99898677878787878       0.99895487885455858     
   64.250000000000000       0.99898116969696948       0.99898073554104749     
   64.349999999999994       0.99892076515151507       0.99898640031036534     
   64.450000000000003       0.99895145151515141       0.99899138615601901     
   64.549999999999997       0.99895142727272734       0.99900802584759374     
   64.650000000000006       0.99897223787878786       0.99895733995283931     
   64.750000000000000       0.99896390606060603       0.99895983439112068     
   64.849999999999994       0.99895420303030313       0.99898338758660832     
   64.950000000000003       0.99895219696969706       0.99895645189643967     
   65.049999999999997       0.99898775606060597       0.99900305212557672     
   65.150000000000006       0.99896952272727280       0.99899019803960809     
   65.250000000000000       0.99896250909090900       0.99895990107112320     
   65.349999999999994       0.99897389999999986       0.99897118211521096     
   65.450000000000003       0.99895227878787873       0.99895347251268440     
   65.549999999999997       0.99896173030303037       0.99896290773306173     
   65.650000000000006       0.99895527272727280       0.99896616292955565     
   65.750000000000000       0.99898537727272729       0.99895514254366047     
   65.849999999999994       0.99899160757575767       0.99896265010577878     
   65.950000000000003       0.99896997575757573       0.99897419180805869     
   66.049999999999997       0.99897614545454538       0.99896569920044587     
   66.150000000000006       0.99898075606060610       0.99897905641734397     
   66.250000000000000       0.99896619393939412       0.99897238235525887     
   66.349999999999994       0.99894963787878810       0.99896357150217929     
   66.450000000000003       0.99897677121212136       0.99897319766983717     
   66.549999999999997       0.99895525606060587       0.99897981414464698     
   66.650000000000006       0.99897401363636362       0.99896672061685066     
   66.750000000000000       0.99897889090909109       0.99896071941661069     
   66.849999999999994       0.99895596515151519       0.99896837852418963     
   66.950000000000003       0.99898448787878791       0.99895912515836505     
   67.049999999999997       0.99896451666666652       0.99897974443373494     
   67.150000000000006       0.99897151666666684       0.99898333303024234     
   67.250000000000000       0.99896672121212138       0.99896782992962230     
   67.349999999999994       0.99897038484848477       0.99898130535197904     
   67.450000000000003       0.99895763181818187       0.99898556681033190     
   67.549999999999997       0.99897492424242440       0.99896080125115927     
   67.650000000000006       0.99896184090909101       0.99896618414592009     
   67.750000000000000       0.99897066060606043       0.99896121951663097     
   67.849999999999994       0.99894532727272711       0.99897527081173798     
   67.950000000000003       0.99898465000000014       0.99896408978765450     
   68.049999999999997       0.99895484545454549       0.99898882200682571     
   68.150000000000006       0.99896578484848497       0.99897428273533484     
   68.250000000000000       0.99894814696969703       0.99896722071687061     
   68.349999999999994       0.99896005151515155       0.99898786423951469     
   68.450000000000003       0.99894116060606075       0.99896578103499489     
   68.549999999999997       0.99895986666666670       0.99898225402656293     
   68.650000000000006       0.99895580909090897       0.99898547891396483     
   68.750000000000000       0.99896903787878788       0.99895781883649448     
   68.849999999999994       0.99896514242424228       0.99896941509514037     
   68.950000000000003       0.99897529393939410       0.99896113465117276     
   69.049999999999997       0.99895154545454534       0.99897810471185144     
   69.150000000000006       0.99898787878787876       0.99899547788345533     
   69.250000000000000       0.99896470606060594       0.99898028090466573     
   69.349999999999994       0.99895807727272734       0.99895547594367351     
   69.450000000000003       0.99897833333333330       0.99898355428661534     
   69.549999999999997       0.99897594848484861       0.99897310674256057     
   69.650000000000006       0.99896016060606074       0.99896886043875432     
   69.750000000000000       0.99898150151515153       0.99898425745755237     
   69.849999999999994       0.99898263939393950       0.99896437772402957     
   69.950000000000003       0.99895342121212127       0.99898746415949857     
   70.049999999999997       0.99899278636363631       0.99895987682384935     
   70.150000000000006       0.99895692878787878       0.99896750259142730     
   70.250000000000000       0.99895473787878775       0.99897323404074767     
   70.349999999999994       0.99896862878787862       0.99896688731685734     
   70.450000000000003       0.99895520454545439       0.99898043851194507     
   70.549999999999997       0.99895048181818180       0.99895954342383630     
   70.650000000000006       0.99896950909090909       0.99897759551910381     
   70.750000000000000       0.99896145151515126       0.99894692271787655     
   70.849999999999994       0.99895479090909101       0.99895371498542140     
   70.950000000000003       0.99895435454545456       0.99897751671546431     
   71.049999999999997       0.99897754696969709       0.99897606490995172     
   71.150000000000006       0.99896774242424202       0.99896863312056350     
   71.250000000000000       0.99897968636363643       0.99896794510417219     
   71.349999999999994       0.99897159242424260       0.99896067698388147     
   71.450000000000003       0.99896420454545465       0.99898959185776526     
   71.549999999999997       0.99897085757575765       0.99898040820285239     
   71.650000000000006       0.99897238787878795       0.99899348960701251     
   71.750000000000000       0.99898408030303010       0.99896511120405918     
   71.849999999999994       0.99899199242424253       0.99897766219910644     
   71.950000000000003       0.99899533181818190       0.99897915037552976     
   72.049999999999997       0.99898005606060614       0.99899800869264754     
   72.150000000000006       0.99896745757575744       0.99899121945601255     
   72.250000000000000       0.99895827878787880       0.99898193881200503     
   72.349999999999994       0.99899022727272713       0.99898541526487117     
   72.450000000000003       0.99898983939393948       0.99898114168288199     
   72.549999999999997       0.99898169696969696       0.99899379875975181     
   72.650000000000006       0.99898477121212137       0.99901475143513541     
   72.750000000000000       0.99897153181818177       0.99899525965799219     
   72.849999999999994       0.99898717424242434       0.99898370886298482     
   72.950000000000003       0.99897776666666660       0.99900803190941201     
   73.049999999999997       0.99897626515151516       0.99900262779828719     
   73.150000000000006       0.99898492272727268       0.99899661447440991     
   73.250000000000000       0.99897549848484857       0.99900001515454606     
   73.349999999999994       0.99900004242424245       0.99900762576757796     
   73.450000000000003       0.99898077272727281       0.99901300563142903     
   73.549999999999997       0.99901287575757558       0.99900483126928386     
   73.650000000000006       0.99897721060606059       0.99901006261858416     
   73.750000000000000       0.99899914696969705       0.99900754090211985     
   73.849999999999994       0.99898811363636364       0.99901155685682597     
   73.950000000000003       0.99900147424242425       0.99901390278055613     
   74.049999999999997       0.99901754999999981       0.99902064049173467     
   74.150000000000006       0.99899815606060605       0.99902134972449053     
   74.250000000000000       0.99900159848484849       0.99903008783574898     
   74.349999999999994       0.99901836212121209       0.99901409675874586     
   74.450000000000003       0.99902099242424236       0.99902483527008412     
   74.549999999999997       0.99900535303030291       0.99902863603023628     
   74.650000000000006       0.99901852878787867       0.99902234083180286     
   74.750000000000000       0.99899736060606048       0.99903184273218271     
   74.849999999999994       0.99902630606060616       0.99902886031751803     
   74.950000000000003       0.99900100909090916       0.99904279340716640     
   75.049999999999997       0.99901720303030306       0.99903870471063916     
   75.150000000000006       0.99903840454545434       0.99905682651681849     
   75.250000000000000       0.99903144696969703       0.99903619511781139     
   75.349999999999994       0.99903997727272709       0.99902520504100834     
   75.450000000000003       0.99902383181818166       0.99903183667036422     
   75.549999999999997       0.99904579999999998       0.99905818133323632     
   75.650000000000006       0.99906612424242425       0.99904499990907270     
   75.750000000000000       0.99906054999999983       0.99905286814938754     
   75.849999999999994       0.99905774090909094       0.99904336927991677     
   75.950000000000003       0.99904161666666669       0.99903457964320153     
   76.049999999999997       0.99905947121212124       0.99906307322070453     
   76.150000000000006       0.99906051212121194       0.99904102335618661     
   76.250000000000000       0.99908162878787898       0.99905325913667553     
   76.349999999999994       0.99905815151515154       0.99907088993556292     
   76.450000000000003       0.99907840606060616       0.99905790552049800     
   76.549999999999997       0.99906912121212144       0.99906117284062856     
   76.650000000000006       0.99906626515151520       0.99905714476228569     
   76.750000000000000       0.99908056818181834       0.99905890875144732     
   76.849999999999994       0.99907897272727264       0.99905693866045941     
   76.950000000000003       0.99906341212121197       0.99905540805130710     
   77.049999999999997       0.99907266666666683       0.99904753071826513     
   77.150000000000006       0.99907697878787882       0.99906128498426949     
   77.250000000000000       0.99907057272727284       0.99906368243345656     
   77.349999999999994       0.99907756212121213       0.99909756799844796     
   77.450000000000003       0.99907566818181825       0.99907826716858550     
   77.549999999999997       0.99906468787878766       0.99906909260640009     
   77.650000000000006       0.99907199393939394       0.99908889656719246     
   77.750000000000000       0.99907590000000002       0.99908626573799608     
   77.849999999999994       0.99907371818181812       0.99908974219086255     
   77.950000000000003       0.99906500909090912       0.99909834088029703     
   78.049999999999997       0.99908434848484839       0.99909119702728433     
   78.150000000000006       0.99907262121212093       0.99911889347566518     
   78.250000000000000       0.99908458939393929       0.99911125861535954     
   78.349999999999994       0.99906284090909070       0.99910275691501926     
   78.450000000000003       0.99907366060606062       0.99911006443712991     
   78.549999999999997       0.99906547121212119       0.99910741542247861     
   78.650000000000006       0.99905472878787882       0.99911069789715512     
   78.750000000000000       0.99908215606060624       0.99911920565931356     
   78.849999999999994       0.99907399242424255       0.99912105451393329     
   78.950000000000003       0.99907814090909097       0.99910730934065572     
   79.049999999999997       0.99908944090909069       0.99911843883928297     
   79.150000000000006       0.99908740303030319       0.99912039983754353     
   79.250000000000000       0.99908733333333322       0.99912961683245738     
   79.349999999999994       0.99909932424242420       0.99910143846951238     
   79.450000000000003       0.99908473787878804       0.99910490886056036     
   79.549999999999997       0.99909470454545457       0.99909663447841068     
   79.650000000000006       0.99908319545454582       0.99913069280522770     
   79.750000000000000       0.99910527727272735       0.99911065546442646     
   79.849999999999994       0.99910550909090912       0.99911303169724852     
   79.950000000000003       0.99910912272727281       0.99910654858244363     
