   5.0000000000000003E-002   0.0000000000000000        0.0000000000000000     
  0.14999999999999999        0.0000000000000000        0.0000000000000000     
  0.25000000000000000        0.0000000000000000        0.0000000000000000     
  0.34999999999999998        0.0000000000000000        0.0000000000000000     
  0.45000000000000001        0.0000000000000000        0.0000000000000000     
  0.55000000000000004        0.0000000000000000        0.0000000000000000     
  0.65000000000000002        0.0000000000000000        0.0000000000000000     
  0.75000000000000000        0.0000000000000000        0.0000000000000000     
  0.84999999999999998        0.0000000000000000        0.0000000000000000     
  0.94999999999999996        0.0000000000000000        0.0000000000000000     
   1.0500000000000000        0.0000000000000000        0.0000000000000000     
   1.1499999999999999        0.0000000000000000        0.0000000000000000     
   1.2500000000000000        0.0000000000000000        0.0000000000000000     
   1.3500000000000001        0.0000000000000000        0.0000000000000000     
   1.4500000000000000        0.0000000000000000        0.0000000000000000     
   1.5500000000000000        0.0000000000000000        0.0000000000000000     
   1.6499999999999999        0.0000000000000000        0.0000000000000000     
   1.7500000000000000        0.0000000000000000        0.0000000000000000     
   1.8500000000000001        0.0000000000000000        0.0000000000000000     
   1.9500000000000000        0.0000000000000000        0.0000000000000000     
   2.0499999999999998        0.0000000000000000        0.0000000000000000     
   2.1499999999999999        0.0000000000000000        0.0000000000000000     
   2.2500000000000000        0.0000000000000000        0.0000000000000000     
   2.3500000000000001        0.0000000000000000        0.0000000000000000     
   2.4500000000000002        0.0000000000000000        0.0000000000000000     
   2.5499999999999998        0.0000000000000000        0.0000000000000000     
   2.6499999999999999        0.0000000000000000        0.0000000000000000     
   2.7500000000000000        0.0000000000000000        0.0000000000000000     
   2.8500000000000001        0.0000000000000000        0.0000000000000000     
   2.9500000000000002        0.0000000000000000        0.0000000000000000     
   3.0499999999999998        6.8074050312499995E-002   35.463510827165436     
   3.1499999999999999       0.12661535937500001        18.543441813362673     
   3.2500000000000000       0.21121037812499999        10.884383126625323     
   3.3500000000000001       0.32285711770833336        7.0050799118156997     
   3.4500000000000002       0.45951108229166654        4.8550558028272315     
   3.5499999999999998       0.61691573437499991        3.5741222619523922     
   3.6499999999999999       0.78886297291666674        2.7656584441888392     
   3.7500000000000000       0.96978930208333347        2.2313503950790161     
   3.8500000000000001        1.1520110104166668        1.8635636919050476     
   3.9500000000000002        1.3302730000000000        1.6025132526505297     
   4.0499999999999998        1.4992454687499999        1.4129595710808827     
   4.1500000000000004        1.6543969375000005        1.2726759310195375     
   4.2500000000000000        1.7934242812500001        1.1670862505834498     
   4.3499999999999996        1.9147919375000004        1.0872678494032135     
   4.4500000000000002        2.0166009999999996        1.0267847527838900     
   4.5499999999999998        2.1003626041666656       0.98148650980196039     
   4.6500000000000004        2.1658735208333333       0.94759603795759140     
   4.7500000000000000        2.2148358750000003       0.92322840193038602     
   4.8499999999999996        2.2497450416666673       0.90633012019070480     
   4.9500000000000002        2.2724232083333336       0.89602190229712586     
   5.0499999999999998        2.2864314270833335       0.89127553010602156     
   5.1500000000000004        2.2940550937499999       0.89129435262052403     
   5.2500000000000000        2.2980046562499998       0.89568835433753424     
   5.3499999999999996        2.3013795625000002       0.90381063087617530     
   5.4500000000000002        2.3056575520833338       0.91602579682603202     
   5.5499999999999998        2.3124662708333332       0.93162716918383681     
   5.6500000000000004        2.3219189062499996       0.95012816938387634     
   5.7500000000000000        2.3350793333333333       0.97231438787757540     
   5.8499999999999996        2.3530090312500000       0.99770768945455734     
   5.9500000000000002        2.3754229166666674        1.0253779922651196     
   6.0499999999999998        2.3201895937500003        1.0702946630992869     
   6.1500000000000004        2.0972331979166672        1.1312651488631060     
   6.2500000000000000        1.8621818541666664        1.1924639927985596     
   6.3499999999999996        1.6656359062500004        1.2530991614989662     
   6.4500000000000002        1.5112828958333333        1.3118018186970728     
   6.5499999999999998        1.3924573750000002        1.3669521612655868     
   6.6500000000000004        1.3012777812500000        1.4173373007934917     
   6.7500000000000000        1.2314716562500001        1.4622260493765418     
   6.8499999999999996        1.1779054375000002        1.5005544233846768     
   6.9500000000000002        1.1371419062500001        1.5319066521637663     
   7.0499999999999998        1.1065577083333333        1.5555852212109091     
   7.1500000000000004        1.0839726562499998        1.5726103345669129     
   7.2500000000000000        1.0681495000000001        1.5822439696272588     
   7.3499999999999996        1.0574615208333333        1.5854944113822758     
   7.4500000000000002        1.0512629062500001        1.5829655722811227     
   7.5499999999999998        1.0493148854166667        1.5751118140294724     
   7.6500000000000004        1.0504765104166665        1.5629110613789425     
   7.7500000000000000        1.0543221354166668        1.5467704790958190     
   7.8499999999999996        1.0606058541666668        1.5277042908581719     
   7.9500000000000002        1.0688115104166667        1.5062114506234587     
   8.0500000000000007        1.0788153229166668        1.4830574448222982     
   8.1500000000000004        1.0901077499999998        1.4582874699939985     
   8.2500000000000000        1.1025763645833335        1.4329721569313862     
   8.3499999999999996        1.1160822291666666        1.4069608088284324     
   8.4499999999999993        1.1298836979166664        1.3804614672934588     
   8.5500000000000007        1.1444562500000002        1.3537730462759219     
   8.6500000000000004        1.1591808958333334        1.3269765828165634     
   8.7500000000000000        1.1737191666666666        1.2997875200040010     
   8.8499999999999996        1.1880885729166670        1.2725704932653197     
   8.9499999999999993        1.2021623854166668        1.2450640336400616     
   9.0500000000000007        1.2154884583333332        1.2171523471360934     
   9.1500000000000004        1.2278269895833334        1.1898164424551581     
   9.2500000000000000        1.2388054062499998        1.1647640153030610     
   9.3499999999999996        1.2476859166666667        1.1430106854704272     
   9.4499999999999993        1.2544687395833336        1.1251091051543642     
   9.5500000000000007        1.2591989166666666        1.1107691955057679     
   9.6500000000000004        1.2617656666666668        1.0995382826565312     
   9.7500000000000000        1.2620335312500000        1.0911994898979793     
   9.8499999999999996        1.2604031354166667        1.0854275855171036     
   9.9499999999999993        1.2568300000000003        1.0815982988264319     
   10.050000000000001        1.2516632916666668        1.0796515344735613     
   10.150000000000000        1.2448845937499999        1.0792223861438959     
   10.250000000000000        1.2368376145833333        1.0799812045742481     
   10.350000000000000        1.2278544270833334        1.0819396170900848     
   10.449999999999999        1.2178727291666664        1.0847512210775490     
   10.550000000000001        1.2075940312500000        1.0880031006201241     
   10.650000000000000        1.1967680312500000        1.0919862930919519     
   10.750000000000000        1.1857330312499998        1.0961869040474761     
   10.850000000000000        1.1745445208333332        1.1004647387810891     
   10.949999999999999        1.1637048333333335        1.1049800168367008     
   11.050000000000001        1.1530339791666666        1.1093483696739348     
   11.150000000000000        1.1428370833333332        1.1135400621791025     
   11.250000000000000        1.1329040104166666        1.1175186078882442     
   11.350000000000000        1.1236191250000003        1.1210558153297325     
   11.449999999999999        1.1148216354166667        1.1242903789091148     
   11.550000000000001        1.1065410937499998        1.1270901888711073     
   11.650000000000000        1.0990197187499997        1.1292049451556978     
   11.750000000000000        1.0922462916666671        1.1308434395212377     
   11.850000000000000        1.0860851354166667        1.1319331574648264     
   11.949999999999999        1.0807115520833332        1.1322886452290459     
   12.050000000000001        1.0760083541666665        1.1320570572447819     
   12.150000000000000        1.0719883645833332        1.1312705041008200     
   12.250000000000000        1.0687495000000000        1.1298061070547447     
   12.350000000000000        1.0663231458333333        1.1277730962859238     
   12.449999999999999        1.0644636354166666        1.1252405064346200     
   12.550000000000001        1.0633832187499999        1.1221927510502101     
   12.650000000000000        1.0627900000000001        1.1187268495365739     
   12.750000000000000        1.0625507291666667        1.1148478445689138     
   12.850000000000000        1.0628674895833332        1.1106034956991400     
   12.949999999999999        1.0633829895833338        1.1064090734813632     
   13.050000000000001        1.0641768437499999        1.1018966293258652     
   13.150000000000000        1.0649386979166668        1.0973508451690337     
   13.250000000000000        1.0659803854166663        1.0927820564112827     
   13.350000000000000        1.0670300104166666        1.0882260827165435     
   13.449999999999999        1.0681965208333333        1.0838658981796361     
   13.550000000000001        1.0690116875000000        1.0795085058678404     
   13.650000000000000        1.0700472604166666        1.0754085608788424     
   13.750000000000000        1.0707671250000002        1.0715141361605656     
   13.850000000000000        1.0713109895833330        1.0677957049743281     
   13.949999999999999        1.0717669270833334        1.0643584550243386     
   14.050000000000001        1.0720373020833334        1.0612928210642132     
   14.150000000000000        1.0719840416666666        1.0584899479895979     
   14.250000000000000        1.0718690312499999        1.0558349378208980     
   14.350000000000000        1.0714116249999999        1.0535932186437287     
   14.449999999999999        1.0707664895833333        1.0515547276121888     
   14.550000000000001        1.0699736354166665        1.0497181311262251     
   14.650000000000000        1.0688606875000000        1.0482079957658199     
   14.750000000000000        1.0676503958333332        1.0469425551777021     
   14.850000000000000        1.0663600729166667        1.0458839684603587     
   14.949999999999999        1.0646777916666665        1.0450514686270589     
   15.050000000000001        1.0629761874999999        1.0443729995999198     
   15.150000000000000        1.0611632395833333        1.0439183670067349     
   15.250000000000000        1.0592540520833329        1.0436076590318062     
   15.350000000000000        1.0574050312500001        1.0433355629459227     
   15.449999999999999        1.0553738333333333        1.0431922426151894     
   15.550000000000001        1.0534213854166667        1.0431211658998467     
   15.650000000000000        1.0514126979166665        1.0431157689871309     
   15.750000000000000        1.0494105312499999        1.0431083716743348     
   15.850000000000000        1.0475054583333332        1.0430698222977928     
   15.949999999999999        1.0456130208333336        1.0430901388611056     
   16.050000000000001        1.0437729583333333        1.0430881384610255     
   16.149999999999999        1.0420409895833334        1.0429915774821630     
   16.250000000000000        1.0403737187499997        1.0427906831366276     
   16.350000000000001        1.0388946770833334        1.0425868507034741     
   16.449999999999999        1.0374225000000001        1.0423878108955125     
   16.550000000000001        1.0361324999999999        1.0420824373207975     
   16.649999999999999        1.0349220729166668        1.0416567480162697     
   16.750000000000000        1.0337892812500002        1.0412129300860171     
   16.850000000000001        1.0327398854166667        1.0406671334266855     
   16.949999999999999        1.0319067187499997        1.0400260677135424     
   17.050000000000001        1.0311103645833333        1.0392879617590183     
   17.149999999999999        1.0303866458333335        1.0385742356804692     
   17.250000000000000        1.0297505520833334        1.0377654489231178     
   17.350000000000001        1.0292157812500000        1.0368704157498163     
   17.449999999999999        1.0286887812500001        1.0359545242381805     
   17.550000000000001        1.0283317187500001        1.0350322981262920     
   17.649999999999999        1.0279388333333332        1.0340784198506370     
   17.750000000000000        1.0276264583333332        1.0331563812762554     
   17.850000000000001        1.0273392604166667        1.0321379900980199     
   17.949999999999999        1.0270736354166665        1.0311669417216776     
   18.050000000000001        1.0267971562499998        1.0301988939454558     
   18.149999999999999        1.0265508645833332        1.0293130292725210     
   18.250000000000000        1.0264485937499996        1.0283058069947324     
   18.350000000000001        1.0262427708333333        1.0274222344468893     
   18.449999999999999        1.0260005104166667        1.0264628133960121     
   18.550000000000001        1.0257789166666667        1.0256925760152031     
   18.649999999999999        1.0254815104166668        1.0248852270454092     
   18.750000000000000        1.0252679895833334        1.0240684386877372     
   18.850000000000001        1.0249472187499999        1.0233768628725748     
   18.949999999999999        1.0246313229166664        1.0226788482696538     
   19.050000000000001        1.0242566458333333        1.0220353654064145     
   19.149999999999999        1.0239136666666666        1.0214426635327065     
   19.250000000000000        1.0235298645833333        1.0209000550110019     
   19.350000000000001        1.0231371145833337        1.0204199589917986     
   19.449999999999999        1.0226532083333335        1.0198892070080683     
   19.550000000000001        1.0222212083333333        1.0194844593918782     
   19.649999999999999        1.0217894479166667        1.0191247624524904     
   19.750000000000000        1.0212855312500002        1.0187444572247779     
   19.850000000000001        1.0207820312500000        1.0184072231112886     
   19.949999999999999        1.0202720312500000        1.0180795325731813     
   20.050000000000001        1.0198021666666666        1.0178297326131891     
   20.149999999999999        1.0192233125000003        1.0175257343135296     
   20.250000000000000        1.0187449479166668        1.0172765386410616     
   20.350000000000001        1.0182446562499998        1.0170204249183168     
   20.449999999999999        1.0177439583333332        1.0168172384476899     
   20.550000000000001        1.0172518229166667        1.0165594785623793     
   20.649999999999999        1.0167582916666669        1.0164077398813098     
   20.750000000000000        1.0162658020833333        1.0161455207708212     
   20.850000000000001        1.0158534583333334        1.0159615464759617     
   20.949999999999999        1.0154158750000000        1.0157387102420483     
   21.050000000000001        1.0149765520833332        1.0155162907581519     
   21.149999999999999        1.0145831666666667        1.0152995599119825     
   21.250000000000000        1.0141486875000001        1.0150795992531840     
   21.350000000000001        1.0138357708333334        1.0147890203040608     
   21.449999999999999        1.0134992500000002        1.0145898763085950     
   21.550000000000001        1.0131536354166668        1.0143590593118625     
   21.649999999999999        1.0128216249999999        1.0140486013869443     
   21.750000000000000        1.0125686770833338        1.0137931753017266     
   21.850000000000001        1.0122461666666667        1.0135280181036210     
   21.949999999999999        1.0120536250000001        1.0132575890178033     
   22.050000000000001        1.0117985729166667        1.0129648429685940     
   22.149999999999999        1.0115313854166668        1.0127154180836164     
   22.250000000000000        1.0113027812499999        1.0124003133960124     
   22.350000000000001        1.0111363437499998        1.0121211533973464     
   22.449999999999999        1.0108939687499996        1.0118091326598653     
   22.550000000000001        1.0107631562499997        1.0115110105354408     
   22.649999999999999        1.0105579895833332        1.0112150971861038     
   22.750000000000000        1.0103609895833330        1.0109386252250454     
   22.850000000000001        1.0102248958333331        1.0106607988264322     
   22.949999999999999        1.0100181979166669        1.0104390878175635     
   23.050000000000001        1.0098841875000000        1.0101324848302988     
   23.149999999999999        1.0097450520833335        1.0098434478562381     
   23.250000000000000        1.0095589062500001        1.0095770612455826     
   23.350000000000001        1.0094132499999999        1.0093418683736748     
   23.449999999999999        1.0092520000000003        1.0091219910648797     
   23.550000000000001        1.0090583541666667        1.0088874441554974     
   23.649999999999999        1.0089067395833333        1.0086098886443957     
   23.750000000000000        1.0087701041666666        1.0084278105621121     
   23.850000000000001        1.0085738229166665        1.0082128092285125     
   23.949999999999999        1.0084551354166664        1.0080634876975396     
   24.050000000000001        1.0082489895833333        1.0078785132026404     
   24.149999999999999        1.0080742916666667        1.0077038324331533     
   24.250000000000000        1.0078882500000002        1.0075318813762750     
   24.350000000000001        1.0077147604166667        1.0073601803694070     
   24.449999999999999        1.0075811562500001        1.0072264244515570     
   24.550000000000001        1.0073709375000000        1.0070732271454288     
   24.649999999999999        1.0071788541666666        1.0069101320264051     
   24.750000000000000        1.0070419687500003        1.0067592893578714     
   24.850000000000001        1.0068282708333334        1.0066277838901114     
   24.949999999999999        1.0066947708333336        1.0065080724478228     
   25.050000000000001        1.0065358541666667        1.0063626058545039     
   25.149999999999999        1.0063379166666666        1.0062197439487901     
   25.250000000000000        1.0061761145833334        1.0061498966459959     
   25.350000000000001        1.0060328020833331        1.0060052218777089     
   25.449999999999999        1.0058454687500000        1.0058326456958062     
   25.550000000000001        1.0057254583333333        1.0057708208308331     
   25.649999999999999        1.0055487604166669        1.0056864914649599     
   25.750000000000000        1.0054476770833332        1.0055353987464157     
   25.850000000000001        1.0052608333333335        1.0054152705541108     
   25.949999999999999        1.0051519270833333        1.0052952882243118     
   26.050000000000001        1.0049967083333335        1.0052011652330466     
   26.149999999999999        1.0048732500000002        1.0050957691538307     
   26.250000000000000        1.0047614583333335        1.0049808920117358     
   26.350000000000001        1.0046296562500001        1.0048426560312060     
   26.449999999999999        1.0045479166666667        1.0047673701406947     
   26.550000000000001        1.0043921541666667        1.0046343643728741     
   26.649999999999999        1.0043182572916667        1.0045743940454759     
   26.750000000000000        1.0042187697916667        1.0044349286523968     
   26.850000000000001        1.0041283114583333        1.0043088638561044     
   26.949999999999999        1.0040358218749996        1.0041998378842434     
   27.050000000000001        1.0039581656250003        1.0041119640594787     
   27.149999999999999        1.0038168812499997        1.0039845865006334     
   27.250000000000000        1.0037457468749997        1.0038800155864502     
   27.350000000000001        1.0036783531250002        1.0037741048209641     
   27.449999999999999        1.0035835395833332        1.0036976311929053     
   27.550000000000001        1.0034435937500001        1.0035549047309462     
   27.649999999999999        1.0033981822916667        1.0034424864139495     
   27.750000000000000        1.0032830427083332        1.0033599594918985     
   27.850000000000001        1.0032559187499999        1.0032852778889114     
   27.949999999999999        1.0031606072916668        1.0031835742148429     
   28.050000000000001        1.0031126135416666        1.0030793262819229     
   28.149999999999999        1.0030091312499998        1.0029850553444022     
   28.250000000000000        1.0029675083333331        1.0028989193672069     
   28.350000000000001        1.0028401645833331        1.0028149609088486     
   28.449999999999999        1.0027695843750000        1.0027572702040406     
   28.550000000000001        1.0027236812500000        1.0026597902913916     
   28.649999999999999        1.0026470708333333        1.0025894470560777     
   28.750000000000000        1.0025741697916668        1.0025273950623459     
   28.850000000000001        1.0024965635416669        1.0024541054044140     
   28.949999999999999        1.0024449218749998        1.0023671171734345     
   29.050000000000001        1.0023249229166666        1.0023021541808361     
   29.149999999999999        1.0022923166666668        1.0022383622557849     
   29.250000000000000        1.0022016458333334        1.0021979666766687     
   29.350000000000001        1.0021768854166666        1.0021364856304591     
   29.449999999999999        1.0020884458333335        1.0020304581749686     
   29.550000000000001        1.0020164864583332        1.0019661161398947     
   29.649999999999999        1.0019600395833335        1.0019293629559247     
   29.750000000000000        1.0019064885416664        1.0018451002700541     
   29.850000000000001        1.0018081406249999        1.0018008830932850     
   29.949999999999999        1.0017500552083334        1.0017565429752613     
   30.050000000000001        1.0016868041666664        1.0016955828665735     
   30.149999999999999        1.0016363208333332        1.0016457562345802     
   30.250000000000000        1.0015716312499998        1.0015812412482494     
   30.350000000000001        1.0015114427083334        1.0015429231679669     
   30.449999999999999        1.0014492312500001        1.0014964347036075     
   30.550000000000001        1.0014194635416664        1.0014408110788826     
   30.649999999999999        1.0013197437499999        1.0014218822931256     
   30.750000000000000        1.0013139104166666        1.0013843747916251     
   30.850000000000001        1.0012626510416667        1.0013152297126093     
   30.949999999999999        1.0012010697916667        1.0012333091618324     
   31.050000000000001        1.0011448031249999        1.0012162057411482     
   31.149999999999999        1.0011037843750001        1.0011703569880643     
   31.250000000000000        1.0010905135416666        1.0011131226245249     
   31.350000000000001        1.0010255260416667        1.0010693159465227     
   31.449999999999999        1.0009642031250001        1.0010353320664132     
   31.550000000000001        1.0009552770833334        1.0009866348269654     
   31.649999999999999        1.0008857385416665        1.0009299818296995     
   31.750000000000000        1.0008436552083335        1.0008867773554715     
   31.850000000000001        1.0008248312500001        1.0008603429019134     
   31.949999999999999        1.0007763239583336        1.0008141524138163     
   32.049999999999997        1.0007427645833333        1.0007597311128891     
   32.149999999999999        1.0007013760416665        1.0007079645095684     
   32.250000000000000        1.0006755739583331        1.0006765019670600     
   32.350000000000001        1.0006139239583334        1.0006387506668000     
   32.450000000000003        1.0005782916666666        1.0006140519770619     
   32.549999999999997        1.0005587739583330        1.0005672697039412     
   32.649999999999999        1.0005271843750001        1.0005430544442220     
   32.750000000000000        1.0005022031249999        1.0004958720910846     
   32.850000000000001        1.0004773229166668        1.0004775413416018     
   32.950000000000003        1.0004393062500001        1.0004162290791490     
   33.049999999999997        1.0004108093749999        1.0003809115989863     
   33.149999999999999        1.0003626916666668        1.0003506013702739     
   33.250000000000000        1.0003548437499998        1.0003243231979728     
   33.350000000000001        1.0003368604166667        1.0003056882209771     
   33.450000000000003        1.0002908947916667        1.0002590997366143     
   33.549999999999997        1.0002537385416668        1.0002289499566581     
   33.649999999999999        1.0002176125000002        1.0002245344902312     
   33.750000000000000        1.0001883187500002        1.0001860913849436     
   33.850000000000001        1.0001584468750000        1.0001529889311198     
   33.950000000000003        1.0001370927083333        1.0001282819063813     
   34.049999999999997        1.0000978947916666        1.0000953524038141     
   34.149999999999999        1.0000953208333332        1.0000866985897181     
   34.250000000000000        1.0000336406250001        1.0000255842835235     
   34.350000000000001        1.0000200062499998        1.0000346402613856     
   34.450000000000003       0.99997212083333331       0.99998162132426482     
   34.549999999999997       0.99995465000000006       0.99994929610922179     
   34.649999999999999       0.99990041875000013       0.99994811462292443     
   34.750000000000000       0.99991682499999990       0.99991939846302569     
   34.850000000000001       0.99989407083333326       0.99991196989397924     
   34.950000000000003       0.99989095833333308       0.99988256609655279     
   35.049999999999997       0.99985003229166658       0.99988262235780478     
   35.149999999999999       0.99980816250000015       0.99983925951857022     
   35.250000000000000       0.99978027604166653       0.99979246474294847     
   35.350000000000001       0.99978070208333314       0.99983481904714266     
   35.450000000000003       0.99975680312500026       0.99976976645329063     
   35.549999999999997       0.99972650729166657       0.99976732846569294     
   35.649999999999999       0.99970697395833330       0.99976744723944777     
   35.750000000000000       0.99968065208333345       0.99973617640194712     
   35.850000000000001       0.99967800208333313       0.99967930669467187     
   35.950000000000003       0.99964135104166663       0.99965710017003362     
   36.049999999999997       0.99963235520833338       0.99964837134093465     
   36.149999999999999       0.99960785833333354       0.99961953015603122     
   36.250000000000000       0.99962036249999997       0.99959045559111848     
   36.350000000000001       0.99956868645833330       0.99956797609521941     
   36.450000000000003       0.99957007083333349       0.99957207066413334     
   36.549999999999997       0.99956609062500024       0.99955598619723973     
   36.649999999999999       0.99951692395833336       0.99952425276722034     
   36.750000000000000       0.99950135104166682       0.99951047501166923     
   36.850000000000001       0.99946544270833360       0.99947498249649935     
   36.950000000000003       0.99948672500000013       0.99948427393812089     
   37.049999999999997       0.99946704062500014       0.99946144853970753     
   37.149999999999999       0.99943421979166680       0.99944015469760628     
   37.250000000000000       0.99941834687500020       0.99942334091818408     
   37.350000000000001       0.99941046979166670       0.99942089667933565     
   37.450000000000003       0.99939173541666682       0.99938403305661150     
   37.549999999999997       0.99939577395833334       0.99934574623257977     
   37.649999999999999       0.99938018645833337       0.99934735488764437     
   37.750000000000000       0.99937098333333330       0.99936692338467692     
   37.850000000000001       0.99937295624999978       0.99932735088684388     
   37.950000000000003       0.99932427500000010       0.99931237914249527     
   38.049999999999997       0.99931032916666629       0.99929084983663397     
   38.149999999999999       0.99929783125000005       0.99929394628925772     
   38.250000000000000       0.99931049895833324       0.99929572372807884     
   38.350000000000001       0.99927907812500028       0.99926652622191103     
   38.450000000000003       0.99924697708333321       0.99925550110021999     
   38.549999999999997       0.99925255104166688       0.99925253592385144     
   38.649999999999999       0.99922156354166680       0.99923124833300003     
   38.750000000000000       0.99919928645833322       0.99923729745949186     
   38.850000000000001       0.99919597291666684       0.99919986914049441     
   38.950000000000003       0.99918672499999972       0.99920097561178900     
   39.049999999999997       0.99917704479166658       0.99917763969460538     
   39.149999999999999       0.99918063020833325       0.99918823139627910     
   39.250000000000000       0.99915115312499991       0.99915718977128731     
   39.350000000000001       0.99911744062499996       0.99913409556911392     
   39.450000000000003       0.99913094687500004       0.99912370807494844     
   39.549999999999997       0.99910496770833346       0.99911416866706670     
   39.649999999999999       0.99907191249999994       0.99910268720410733     
   39.750000000000000       0.99908245104166671       0.99907737380809492     
   39.850000000000001       0.99907986666666648       0.99906217701873712     
   39.950000000000003       0.99906304062500007       0.99906116639994658     
   40.049999999999997       0.99906019062499984       0.99907839276188559     
   40.149999999999999       0.99904913437500009       0.99906761769020458     
   40.250000000000000       0.99901749270833351       0.99903061653997460     
   40.350000000000001       0.99901576562499983       0.99904783039941270     
   40.450000000000003       0.99901202708333336       0.99900554277522191     
   40.549999999999997       0.99899170104166668       0.99901996649329861     
   40.649999999999999       0.99900089062499986       0.99901702007068083     
   40.750000000000000       0.99898415208333291       0.99899232138094229     
   40.850000000000001       0.99896874687499992       0.99899297151096900     
   40.950000000000003       0.99898134999999977       0.99897214026138559     
   41.049999999999997       0.99896837083333345       0.99894095277388817     
   41.149999999999999       0.99896041458333307       0.99895767695205695     
   41.250000000000000       0.99897105104166672       0.99895529730946186     
   41.350000000000001       0.99894424479166677       0.99891552893912094     
   41.450000000000003       0.99892617812499995       0.99893108413349341     
   41.549999999999997       0.99890388749999981       0.99892978178969138     
   41.649999999999999       0.99890263333333351       0.99891554352537182     
   41.750000000000000       0.99888472187499999       0.99890119898979768     
   41.850000000000001       0.99890226145833327       0.99891887960925529     
   41.950000000000003       0.99888225937500019       0.99888632101420283     
   42.049999999999997       0.99887551041666633       0.99888051985397097     
   42.149999999999999       0.99886067812499979       0.99886090551443640     
   42.250000000000000       0.99886281666666688       0.99887630651130221     
   42.350000000000001       0.99887520520833339       0.99885328732413170     
   42.450000000000003       0.99885477083333329       0.99886633785090362     
   42.549999999999997       0.99883882499999976       0.99886364772954594     
   42.649999999999999       0.99883946458333317       0.99884880726145220     
   42.750000000000000       0.99881745833333357       0.99881787815896517     
   42.850000000000001       0.99883543854166679       0.99883910532106412     
   42.950000000000003       0.99884432812499990       0.99878406931386277     
   43.049999999999997       0.99881989687500017       0.99880579449223195     
   43.149999999999999       0.99879178333333363       0.99878225853503999     
   43.250000000000000       0.99879385312500002       0.99878535707141447     
   43.350000000000001       0.99877220000000011       0.99877074581582981     
   43.450000000000003       0.99878462291666659       0.99877826606988063     
   43.549999999999997       0.99877924583333333       0.99874752242115061     
   43.649999999999999       0.99878956354166681       0.99875202123758089     
   43.750000000000000       0.99876138541666637       0.99876532598186307     
   43.850000000000001       0.99876158020833361       0.99874223386343930     
   43.950000000000003       0.99874932187499987       0.99875022921250911     
   44.049999999999997       0.99874306562500004       0.99875880384410232     
   44.149999999999999       0.99873772083333323       0.99874201923718098     
   44.250000000000000       0.99873509791666670       0.99873715784823647     
   44.350000000000001       0.99874503229166667       0.99873325290058024     
   44.450000000000003       0.99871596875000013       0.99872066705007634     
   44.549999999999997       0.99872869166666667       0.99871527430486129     
   44.649999999999999       0.99870234583333350       0.99872385518770412     
   44.750000000000000       0.99871025624999987       0.99871966268253654     
   44.850000000000001       0.99867196145833337       0.99872638694405558     
   44.950000000000003       0.99868887187499999       0.99870269678935797     
   45.049999999999997       0.99868482291666671       0.99869602253784084     
   45.149999999999999       0.99870133541666684       0.99868765003000604     
   45.250000000000000       0.99869940729166673       0.99870716851703700     
   45.350000000000001       0.99868641666666669       0.99870129650930195     
   45.450000000000003       0.99868637499999990       0.99869335742148402     
   45.549999999999997       0.99866769375000031       0.99870129025805177     
   45.649999999999999       0.99868504062499996       0.99869260310395425     
   45.750000000000000       0.99867078437500001       0.99867908790091364     
   45.850000000000001       0.99866950937499976       0.99868867523504723     
   45.950000000000003       0.99867025104166651       0.99867398479695957     
   46.049999999999997       0.99867749687499985       0.99867577057078050     
   46.149999999999999       0.99865655624999983       0.99866283465026351     
   46.250000000000000       0.99865624479166648       0.99867054035807168     
   46.350000000000001       0.99864872395833315       0.99867930252717196     
   46.450000000000003       0.99864848124999983       0.99865700848503036     
   46.549999999999997       0.99865562708333333       0.99867807103087280     
   46.649999999999999       0.99865263229166656       0.99867002775555069     
   46.750000000000000       0.99864029270833354       0.99868818347002730     
   46.850000000000001       0.99866139270833343       0.99865862339134492     
   46.950000000000003       0.99865890104166688       0.99863857563179304     
   47.049999999999997       0.99863514270833331       0.99864751700340060     
   47.149999999999999       0.99865454375000029       0.99863516661665663     
   47.250000000000000       0.99863249375000018       0.99863617515169711     
   47.350000000000001       0.99864754375000009       0.99862656072881228     
   47.450000000000003       0.99865294166666674       0.99861948431352932     
   47.549999999999997       0.99863294895833343       0.99863309120157373     
   47.649999999999999       0.99865175000000028       0.99864032181436257     
   47.750000000000000       0.99863924062499976       0.99862829440888201     
   47.850000000000001       0.99864740625000037       0.99863544792291736     
   47.950000000000003       0.99864695312499996       0.99863512910915486     
   48.049999999999997       0.99863615624999991       0.99863003642395154     
   48.149999999999999       0.99863837499999986       0.99861796317596829     
   48.250000000000000       0.99863025520833326       0.99861889669600590     
   48.350000000000001       0.99862282604166674       0.99863799426551947     
   48.450000000000003       0.99863899062499994       0.99862960925518407     
   48.549999999999997       0.99861831249999988       0.99865886719010488     
   48.649999999999999       0.99863533333333321       0.99861868206974713     
   48.750000000000000       0.99864503645833347       0.99862241406614694     
   48.850000000000001       0.99861365520833334       0.99863991965059673     
   48.950000000000003       0.99861481979166644       0.99861863622724556     
   49.049999999999997       0.99862456354166662       0.99864114697939599     
   49.149999999999999       0.99863639166666673       0.99864123449689957     
   49.250000000000000       0.99861377291666686       0.99862658781756342     
   49.350000000000001       0.99861973541666682       0.99863008226645356     
   49.450000000000003       0.99861921875000004       0.99862607729879305     
   49.549999999999997       0.99862025729166670       0.99862823606387918     
   49.649999999999999       0.99862301145833343       0.99862439571247597     
   49.750000000000000       0.99862846249999992       0.99862298084616918     
   49.850000000000001       0.99861113541666668       0.99860993448689717     
   49.950000000000003       0.99862833333333323       0.99862422276121887     
   50.049999999999997       0.99860941562499983       0.99859436679002478     
   50.149999999999999       0.99861600104166670       0.99861185570447442     
   50.250000000000000       0.99861968437499993       0.99862193271987743     
   50.350000000000001       0.99861399791666672       0.99860512935920542     
   50.450000000000003       0.99860994687500004       0.99862521254250836     
   50.549999999999997       0.99860694583333331       0.99861620240714832     
   50.649999999999999       0.99860130520833323       0.99862962384143517     
   50.750000000000000       0.99862560104166676       0.99861968643728749     
   50.850000000000001       0.99860433124999992       0.99861740056344650     
   50.950000000000003       0.99861089895833322       0.99862254950990170     
   51.049999999999997       0.99860406145833358       0.99863531039541242     
   51.149999999999999       0.99860784062500019       0.99862064496232572     
   51.250000000000000       0.99858579999999986       0.99860538357671536     
   51.350000000000001       0.99860373958333348       0.99860494182169790     
   51.450000000000003       0.99862434062499983       0.99860912599186535     
   51.549999999999997       0.99861668541666659       0.99861761310595420     
   51.649999999999999       0.99860772395833330       0.99861162024071459     
   51.750000000000000       0.99861743541666681       0.99862003859105186     
   51.850000000000001       0.99862511562500011       0.99863937787557511     
   51.950000000000003       0.99862131458333336       0.99862729420884166     
   52.049999999999997       0.99863818958333361       0.99862123049609941     
   52.149999999999999       0.99863440312500007       0.99862319338867789     
   52.250000000000000       0.99861841666666695       0.99861434578582386     
   52.350000000000001       0.99862057500000012       0.99863851520304092     
   52.450000000000003       0.99861843645833348       0.99861496049209864     
   52.549999999999997       0.99864308125000001       0.99860759860305381     
   52.649999999999999       0.99862158437499993       0.99860865714809588     
   52.750000000000000       0.99861500833333317       0.99860599203173950     
   52.850000000000001       0.99862337395833323       0.99863225978529069     
   52.950000000000003       0.99861880833333339       0.99861973019603933     
   53.049999999999997       0.99861852812500007       0.99860225586784013     
   53.149999999999999       0.99862902708333312       0.99861611697339459     
   53.250000000000000       0.99863273229166660       0.99862178685737124     
   53.350000000000001       0.99861594375000007       0.99861658373341333     
   53.450000000000003       0.99862257916666652       0.99862773596385923     
   53.549999999999997       0.99861620104166682       0.99862060328732427     
   53.649999999999999       0.99860733333333340       0.99863763169300501     
   53.750000000000000       0.99862546354166648       0.99863009268520342     
   53.850000000000001       0.99863726666666675       0.99864116781689660     
   53.950000000000003       0.99862593645833353       0.99863346002533826     
   54.049999999999997       0.99863933020833340       0.99861466043208658     
   54.149999999999999       0.99862018541666675       0.99862119298859775     
   54.250000000000000       0.99862910520833315       0.99862475203373979     
   54.350000000000001       0.99861640625000003       0.99863651271921039     
   54.450000000000003       0.99861564166666672       0.99862056369607233     
   54.549999999999997       0.99861939687500034       0.99863042608521702     
   54.649999999999999       0.99862134166666694       0.99863256818030266     
   54.750000000000000       0.99863996145833356       0.99862989472894570     
   54.850000000000001       0.99862044479166678       0.99862994057144783     
   54.950000000000003       0.99862465208333329       0.99863485613789427     
   55.049999999999997       0.99861883749999980       0.99865104270854199     
   55.149999999999999       0.99862871354166671       0.99863528539041135     
   55.250000000000000       0.99862771458333310       0.99863067821897700     
   55.350000000000001       0.99863291770833351       0.99862781723011274     
   55.450000000000003       0.99862160937500022       0.99864264311195572     
   55.549999999999997       0.99862270208333337       0.99865211792358433     
   55.649999999999999       0.99862592812500006       0.99866595819163861     
   55.750000000000000       0.99862556562500004       0.99865924851637000     
   55.850000000000001       0.99864406041666665       0.99863553335667132     
   55.950000000000003       0.99864476562500015       0.99865450381742982     
   56.049999999999997       0.99863556458333314       0.99864060937187471     
   56.149999999999999       0.99863655000000029       0.99864199298193002     
   56.250000000000000       0.99862656041666664       0.99865316813362692     
   56.350000000000001       0.99863305729166663       0.99865119898979804     
   56.450000000000003       0.99863958124999996       0.99864631676335269     
   56.549999999999997       0.99864833229166672       0.99863237439154517     
   56.649999999999999       0.99863811979166683       0.99863341209908640     
   56.750000000000000       0.99866328333333343       0.99862867365139696     
   56.850000000000001       0.99864543437499997       0.99865732729879320     
   56.950000000000003       0.99864664166666661       0.99865015919850608     
   57.049999999999997       0.99864802812500009       0.99864047184436888     
   57.149999999999999       0.99865552291666648       0.99865590201373600     
   57.250000000000000       0.99864558750000010       0.99864431011202248     
   57.350000000000001       0.99865697916666674       0.99865882134760253     
   57.450000000000003       0.99865779062499982       0.99865219502233782     
   57.549999999999997       0.99866280104166671       0.99864484771954420     
   57.649999999999999       0.99865945729166672       0.99863912990931525     
   57.750000000000000       0.99867486145833340       0.99864207008068306     
   57.850000000000001       0.99865154166666681       0.99864614589584622     
   57.950000000000003       0.99866187187500000       0.99865441629992657     
   58.049999999999997       0.99864400416666665       0.99865623541374937     
   58.149999999999999       0.99865787916666671       0.99864248266319955     
   58.250000000000000       0.99865486041666662       0.99864886310595469     
   58.350000000000001       0.99864642083333333       0.99865373491364939     
   58.450000000000003       0.99865566874999978       0.99865975278389030     
   58.549999999999997       0.99865298437500005       0.99866698339667936     
   58.649999999999999       0.99865054479166693       0.99864966118223630     
   58.750000000000000       0.99864229270833338       0.99865750858505031     
   58.850000000000001       0.99865121770833332       0.99866235538774428     
   58.950000000000003       0.99865706041666669       0.99865294725611775     
   59.049999999999997       0.99863937708333317       0.99865298476361908     
   59.149999999999999       0.99865458958333342       0.99866957766553310     
   59.250000000000000       0.99863221354166676       0.99865369532239767     
   59.350000000000001       0.99863994062500006       0.99865858796759366     
   59.450000000000003       0.99864626145833335       0.99866739597919563     
   59.549999999999997       0.99863238124999976       0.99867444322197807     
   59.649999999999999       0.99864866562500032       0.99866089676268599     
   59.750000000000000       0.99865847291666665       0.99867434111822351     
   59.850000000000001       0.99864790625000011       0.99865796701006826     
   59.950000000000003       0.99866684895833324       0.99865880259385220     
   60.049999999999997       0.99865691979166649       0.99867152388811087     
   60.149999999999999       0.99866020312499981       0.99866369732279781     
   60.250000000000000       0.99864831874999993       0.99865944855637789     
   60.350000000000001       0.99865163020833325       0.99867686870707495     
   60.450000000000003       0.99866101979166644       0.99865641878375633     
   60.549999999999997       0.99865778750000000       0.99866043000266747     
   60.649999999999999       0.99863455416666669       0.99868040066346608     
   60.750000000000000       0.99864151249999988       0.99865497891244925     
   60.850000000000001       0.99865493020833362       0.99865506851370267     
   60.950000000000003       0.99865734999999989       0.99866301176902028     
   61.049999999999997       0.99865665520833335       0.99868188637727540     
   61.149999999999999       0.99866022812499988       0.99865877967260108     
   61.250000000000000       0.99864058437499992       0.99865258051610317     
   61.350000000000001       0.99866646770833312       0.99864717110088674     
   61.450000000000003       0.99865491875000001       0.99865894220510765     
   61.549999999999997       0.99867663958333330       0.99864514361205547     
   61.649999999999999       0.99866853541666667       0.99866107804894344     
   61.750000000000000       0.99867123541666669       0.99865768778755726     
   61.850000000000001       0.99866344479166669       0.99864854429219185     
   61.950000000000003       0.99865345416666684       0.99865423292991917     
   62.049999999999997       0.99867418020833343       0.99865635627125404     
   62.149999999999999       0.99867298020833317       0.99866264919650616     
   62.250000000000000       0.99866270416666647       0.99865337859238523     
   62.350000000000001       0.99866652916666687       0.99866632701540325     
   62.450000000000003       0.99866331041666689       0.99867006317930274     
   62.549999999999997       0.99866549270833338       0.99867611438954484     
   62.649999999999999       0.99866122500000010       0.99865420584116815     
   62.750000000000000       0.99867185000000003       0.99867371182569853     
   62.850000000000001       0.99865046249999989       0.99867860655464435     
   62.950000000000003       0.99864000833333333       0.99867076123558052     
   63.049999999999997       0.99865589687500012       0.99869207174768337     
   63.149999999999999       0.99866384062500013       0.99866556644662285     
   63.250000000000000       0.99865582187499990       0.99865108855104356     
   63.350000000000001       0.99865512604166651       0.99867244907314756     
   63.450000000000003       0.99863827708333330       0.99867158848436366     
   63.549999999999997       0.99865150520833335       0.99865493306994768     
   63.649999999999999       0.99864259166666658       0.99867163641061563     
   63.750000000000000       0.99864907187500007       0.99866974019803934     
   63.850000000000001       0.99865718958333338       0.99866731471294246     
   63.950000000000003       0.99864469166666647       0.99865365989864652     
   64.049999999999997       0.99865472395833321       0.99867515378075600     
   64.150000000000006       0.99864275416666648       0.99867530172701213     
   64.250000000000000       0.99865574062499984       0.99867557678202323     
   64.349999999999994       0.99865254062500020       0.99867199064812950     
   64.450000000000003       0.99865092187500015       0.99867861072214426     
   64.549999999999997       0.99865568541666661       0.99867566846702671     
   64.650000000000006       0.99865105833333323       0.99867896079215857     
   64.750000000000000       0.99866114687499996       0.99867693330332741     
   64.849999999999994       0.99866260624999970       0.99867455157698182     
   64.950000000000003       0.99865985625000009       0.99867592893578716     
   65.049999999999997       0.99866569479166678       0.99866088634393546     
   65.150000000000006       0.99865524687499985       0.99868561003867418     
   65.250000000000000       0.99865331249999989       0.99866562062412467     
   65.349999999999994       0.99866617083333331       0.99865808370007314     
   65.450000000000003       0.99866850729166656       0.99864262019070471     
   65.549999999999997       0.99866788437500020       0.99865223669733971     
   65.650000000000006       0.99865832083333350       0.99865640003000566     
   65.750000000000000       0.99866442083333329       0.99865518103620743     
   65.849999999999994       0.99866728020833329       0.99866200531773019     
   65.950000000000003       0.99868291874999970       0.99864997791224908     
   66.049999999999997       0.99868462083333331       0.99866136143895434     
   66.150000000000006       0.99866711666666652       0.99864909023471382     
   66.250000000000000       0.99865638020833347       0.99865014461225610     
   66.349999999999994       0.99866936979166665       0.99863328082283154     
   66.450000000000003       0.99866636145833332       0.99863961542308477     
   66.549999999999997       0.99866460625000009       0.99864466018203657     
   66.650000000000006       0.99866302083333336       0.99864134493565404     
   66.750000000000000       0.99867346145833347       0.99864001341935038     
   66.849999999999994       0.99865815416666659       0.99865926310262065     
   66.950000000000003       0.99866261562500025       0.99864715859838626     
   67.049999999999997       0.99865529583333346       0.99865390161365597     
   67.150000000000006       0.99866003229166656       0.99864960908848410     
   67.250000000000000       0.99865233541666654       0.99865445172367795     
   67.349999999999994       0.99865135625000001       0.99865051760352108     
   67.450000000000003       0.99864051249999997       0.99866744807294827     
   67.549999999999997       0.99866200833333341       0.99865980071014182     
   67.650000000000006       0.99863704687499988       0.99867152597186115     
   67.750000000000000       0.99864906249999974       0.99866305969527247     
   67.849999999999994       0.99864163437499998       0.99867827315463087     
   67.950000000000003       0.99863896562499999       0.99867701456958058     
   68.049999999999997       0.99863849687499973       0.99867220944188817     
   68.150000000000006       0.99863776458333342       0.99867143220310739     
   68.250000000000000       0.99864031250000029       0.99868788966126565     
   68.349999999999994       0.99863547916666673       0.99866233455024322     
   68.450000000000003       0.99862162187499992       0.99868365756484645     
   68.549999999999997       0.99862231041666671       0.99867185312062434     
   68.650000000000006       0.99862632604166657       0.99869295734146857     
   68.750000000000000       0.99863683020833349       0.99867377225445098     
   68.849999999999994       0.99862959687500008       0.99867832941588297     
   68.950000000000003       0.99861951874999977       0.99868676443622051     
   69.049999999999997       0.99863706875000013       0.99867547884576890     
   69.150000000000006       0.99862471249999962       0.99865789407881611     
   69.250000000000000       0.99863082083333288       0.99866328057278142     
   69.349999999999994       0.99863651458333313       0.99866359938654403     
   69.450000000000003       0.99863749791666656       0.99866055502767259     
   69.549999999999997       0.99862537812500007       0.99865509976995437     
   69.650000000000006       0.99863865833333321       0.99866473919783949     
   69.750000000000000       0.99865003020833321       0.99865751066880015     
   69.849999999999994       0.99865835937500003       0.99865508935120351     
   69.950000000000003       0.99866631666666650       0.99867127592185112     
