   5.0000000000000003E-002   0.0000000000000000        0.0000000000000000     
  0.14999999999999999        0.0000000000000000        0.0000000000000000     
  0.25000000000000000        0.0000000000000000        0.0000000000000000     
  0.34999999999999998        0.0000000000000000        0.0000000000000000     
  0.45000000000000001        0.0000000000000000        0.0000000000000000     
  0.55000000000000004        0.0000000000000000        0.0000000000000000     
  0.65000000000000002        0.0000000000000000        0.0000000000000000     
  0.75000000000000000        0.0000000000000000        0.0000000000000000     
  0.84999999999999998        0.0000000000000000        0.0000000000000000     
  0.94999999999999996        0.0000000000000000        0.0000000000000000     
   1.0500000000000000        0.0000000000000000        0.0000000000000000     
   1.1499999999999999        0.0000000000000000        0.0000000000000000     
   1.2500000000000000        0.0000000000000000        0.0000000000000000     
   1.3500000000000001        0.0000000000000000        0.0000000000000000     
   1.4500000000000000        0.0000000000000000        0.0000000000000000     
   1.5500000000000000        0.0000000000000000        0.0000000000000000     
   1.6499999999999999        0.0000000000000000        0.0000000000000000     
   1.7500000000000000        0.0000000000000000        0.0000000000000000     
   1.8500000000000001        0.0000000000000000        0.0000000000000000     
   1.9500000000000000        0.0000000000000000        0.0000000000000000     
   2.0499999999999998        0.0000000000000000        0.0000000000000000     
   2.1499999999999999        0.0000000000000000        0.0000000000000000     
   2.2500000000000000        0.0000000000000000        0.0000000000000000     
   2.3500000000000001        0.0000000000000000        0.0000000000000000     
   2.4500000000000002        0.0000000000000000        0.0000000000000000     
   2.5499999999999998        0.0000000000000000        0.0000000000000000     
   2.6499999999999999        0.0000000000000000        0.0000000000000000     
   2.7500000000000000        0.0000000000000000        0.0000000000000000     
   2.8500000000000001        0.0000000000000000        0.0000000000000000     
   2.9500000000000002        0.0000000000000000        0.0000000000000000     
   3.0499999999999998        8.1693541206896550E-002   81.253301349925167     
   3.1499999999999999       0.15405165344827587        40.848164115581731     
   3.2500000000000000       0.26072627931034481        23.087715474129300     
   3.3500000000000001       0.40391364137931030        14.333086272426900     
   3.4500000000000002       0.58177881206896553        9.5967068931027573     
   3.5499999999999998       0.79039578620689666        6.8379795959191831     
   3.6499999999999999        1.0221596896551723        5.1271356340233565     
   3.7500000000000000        1.2698107758620689        4.0111425733422550     
   3.8500000000000001        1.5229145689655170        3.2543781170027115     
   3.9500000000000002        1.7730971896551724        2.7215693828420853     
   4.0499999999999998        2.0151817068965521        2.3366369480792710     
   4.1500000000000004        2.2410260689655175        2.0515955260017522     
   4.2500000000000000        2.4468061034482762        1.8355473508494806     
   4.3499999999999996        2.6278331034482756        1.6709493622862506     
   4.4500000000000002        2.7842157758620694        1.5422924240020417     
   4.5499999999999998        2.9120020000000002        1.4426186616633674     
   4.6500000000000004        3.0176845689655174        1.3649935159445683     
   4.7500000000000000        3.0987726724137934        1.3038343185878554     
   4.8499999999999996        3.1615767413793101        1.2555977747273592     
   4.9500000000000002        3.2058101724137931        1.2194579260679723     
   5.0499999999999998        3.2379369482758618        1.1921957150050697     
   5.1500000000000004        3.2645093620689654        1.1720821060763877     
   5.2500000000000000        3.2853447586206892        1.1598135489166799     
   5.3499999999999996        3.3059421379310345        1.1527093349704427     
   5.4500000000000002        3.3284096206896550        1.1508896606907586     
   5.5499999999999998        3.3543136034482757        1.1539391326541171     
   5.6500000000000004        3.3825829655172415        1.1611457463906574     
   5.7500000000000000        3.4131680344827586        1.1725029143759786     
   5.8499999999999996        3.4462381206896557        1.1888687392650943     
   5.9500000000000002        3.4829851034482759        1.2078836112049993     
   6.0499999999999998        3.3810221896551726        1.2470320960743875     
   6.1500000000000004        2.9847662413793103        1.3047723337771002     
   6.2500000000000000        2.5745571551724131        1.3630877899717870     
   6.3499999999999996        2.2387347758620688        1.4218288485283266     
   6.4500000000000002        1.9805051034482757        1.4793057921929209     
   6.5499999999999998        1.7839450172413791        1.5340928530533691     
   6.6500000000000004        1.6343332413793101        1.5852782970387180     
   6.7500000000000000        1.5201216896551726        1.6302964730877212     
   6.8499999999999996        1.4311259310344826        1.6704800960192034     
   6.9500000000000002        1.3619716896551721        1.7039793820833133     
   7.0499999999999998        1.3079765000000001        1.7301723793034471     
   7.1500000000000004        1.2660238793103449        1.7493543536293461     
   7.2500000000000000        1.2334962586206895        1.7615143028605720     
   7.3499999999999996        1.2078968448275864        1.7673389850383874     
   7.4500000000000002        1.1886522413793101        1.7664222844568911     
   7.5499999999999998        1.1742950172413793        1.7602098005808053     
   7.6500000000000004        1.1640713275862069        1.7484936297604350     
   7.7500000000000000        1.1578518965517244        1.7322836981189342     
   7.8499999999999996        1.1541778965517242        1.7128620551696545     
   7.9500000000000002        1.1531305689655174        1.6903181670816922     
   8.0500000000000007        1.1543200517241381        1.6648357257658430     
   8.1500000000000004        1.1569002068965517        1.6369931572521403     
   8.2500000000000000        1.1613210862068966        1.6077696573797515     
   8.3499999999999996        1.1668937413793103        1.5773463313352325     
   8.4499999999999993        1.1736905517241378        1.5455212421794700     
   8.5500000000000007        1.1811669137931033        1.5125198832870019     
   8.6500000000000004        1.1891807413793103        1.4785397079415883     
   8.7500000000000000        1.1979283103448273        1.4433090756082252     
   8.8499999999999996        1.2066994137931037        1.4074111373998939     
   8.9499999999999993        1.2157159827586206        1.3699434024735984     
   9.0500000000000007        1.2248151896551724        1.3319008629312072     
   9.1500000000000004        1.2329897758620687        1.2941612115526551     
   9.2500000000000000        1.2402657931034484        1.2594369218671317     
   9.3499999999999996        1.2466419482758624        1.2286887377475497     
   9.4499999999999993        1.2514049310344828        1.2027630008760375     
   9.5500000000000007        1.2545919655172413        1.1809211497471908     
   9.6500000000000004        1.2565662068965522        1.1632098488663249     
   9.7500000000000000        1.2566486206896550        1.1488264549461618     
   9.8499999999999996        1.2552714827586207        1.1367904270509275     
   9.9499999999999993        1.2525158275862069        1.1275016382586862     
   10.050000000000001        1.2481084655172410        1.1198625242289835     
   10.150000000000000        1.2429699137931030        1.1141781804636790     
   10.250000000000000        1.2359491551724138        1.1097725407150396     
   10.350000000000000        1.2286931379310344        1.1066830607500808     
   10.449999999999999        1.2200970172413790        1.1044078815763154     
   10.550000000000001        1.2113011034482757        1.1027246828676081     
   10.650000000000000        1.2017280000000001        1.1019624959474656     
   10.750000000000000        1.1917589827586204        1.1016398797000779     
   10.850000000000000        1.1818446206896551        1.1016393968448863     
   10.949999999999999        1.1717922931034481        1.1019552876092460     
   11.050000000000001        1.1617207241379310        1.1025974505245877     
   11.150000000000000        1.1518453965517241        1.1035760255499376     
   11.250000000000000        1.1420151034482755        1.1039189562050340     
   11.350000000000000        1.1326619655172414        1.1047817839429954     
   11.449999999999999        1.1234750344827589        1.1054808203019912     
   11.550000000000001        1.1145627931034483        1.1061093253133385     
   11.650000000000000        1.1062693793103446        1.1062491463810007     
   11.750000000000000        1.0983769655172413        1.1063803105448675     
   11.850000000000000        1.0910455862068966        1.1064046257527367     
   11.949999999999999        1.0842983275862070        1.1059857488739127     
   12.050000000000001        1.0780167241379310        1.1051871408764513     
   12.150000000000000        1.0726967413793105        1.1041407591863199     
   12.250000000000000        1.0677591034482758        1.1027396513785515     
   12.350000000000000        1.0635425862068968        1.1010494857592210     
   12.449999999999999        1.0601354999999999        1.0990905767360368     
   12.550000000000001        1.0567910000000000        1.0968534396534479     
   12.650000000000000        1.0543687241379311        1.0945693621482919     
   12.750000000000000        1.0523271034482760        1.0917028923025982     
   12.850000000000000        1.0504164827586209        1.0886689406846888     
   12.949999999999999        1.0490179310344829        1.0855077222341021     
   13.050000000000001        1.0478059310344827        1.0822765242703714     
   13.150000000000000        1.0469548793103449        1.0788283518772717     
   13.250000000000000        1.0463259827586207        1.0754655413841390     
   13.350000000000000        1.0455819310344827        1.0721358409612958     
   13.449999999999999        1.0452135689655173        1.0687242276041415     
   13.550000000000001        1.0445542241379311        1.0653807658083339     
   13.650000000000000        1.0442830862068966        1.0620761393658040     
   13.750000000000000        1.0440619137931035        1.0589093680805126     
   13.850000000000000        1.0435586034482758        1.0557693262790488     
   13.949999999999999        1.0432703620689656        1.0530597498810106     
   14.050000000000001        1.0429556379310345        1.0501649295376319     
   14.150000000000000        1.0423917931034481        1.0474007905029281     
   14.250000000000000        1.0420987068965517        1.0449399535079427     
   14.350000000000000        1.0414620689655174        1.0424865317891168     
   14.449999999999999        1.0408503448275863        1.0403627966972704     
   14.550000000000001        1.0401687931034482        1.0383813659283581     
   14.650000000000000        1.0394976379310346        1.0363946582419929     
   14.750000000000000        1.0385820000000003        1.0346358237164672     
   14.850000000000000        1.0376787758620689        1.0330921701581695     
   14.949999999999999        1.0368654827586208        1.0318169840864726     
   15.050000000000001        1.0357913448275862        1.0305252429796306     
   15.150000000000000        1.0347267586206896        1.0292982734477931     
   15.250000000000000        1.0337867758620689        1.0284150278331530     
   15.350000000000000        1.0325740689655176        1.0274069641514512     
   15.449999999999999        1.0315042931034482        1.0267755964986098     
   15.550000000000001        1.0302981724137932        1.0258444447510193     
   15.650000000000000        1.0291235172413793        1.0254495726731550     
   15.750000000000000        1.0278095344827585        1.0248837008781062     
   15.850000000000000        1.0266971896551724        1.0242107042098072     
   15.949999999999999        1.0255480862068964        1.0238388022432072     
   16.050000000000001        1.0244521551724137        1.0231454911671993     
   16.149999999999999        1.0233891896551723        1.0228048713190914     
   16.250000000000000        1.0221703103448274        1.0225086051693095     
   16.350000000000001        1.0210486206896552        1.0220368211573350     
   16.449999999999999        1.0202190000000000        1.0216069420780709     
   16.550000000000001        1.0193069655172413        1.0211456084320312     
   16.649999999999999        1.0183730517241381        1.0207828462244171     
   16.750000000000000        1.0174723448275862        1.0203792827531022     
   16.850000000000001        1.0166692758620690        1.0199974132757585     
   16.949999999999999        1.0159168103448275        1.0195444261266047     
   17.050000000000001        1.0151517586206897        1.0191985293610446     
   17.149999999999999        1.0145991034482760        1.0186027895234220     
   17.250000000000000        1.0139820689655172        1.0181361099806170     
   17.350000000000001        1.0134635689655171        1.0178476384932156     
   17.449999999999999        1.0128473965517242        1.0172241344820687     
   17.550000000000001        1.0123127931034483        1.0167180677514815     
   17.649999999999999        1.0119242758620688        1.0161955149650621     
   17.750000000000000        1.0115903965517243        1.0157090728490525     
   17.850000000000001        1.0111656896551726        1.0153511736830128     
   17.949999999999999        1.0108476206896553        1.0148237578550192     
   18.050000000000001        1.0104587413793102        1.0142565754530215     
   18.149999999999999        1.0101044827586207        1.0136784943195534     
   18.250000000000000        1.0098903620689654        1.0131803946996298     
   18.350000000000001        1.0096950689655171        1.0127536196894553     
   18.449999999999999        1.0094454482758621        1.0122989425471303     
   18.550000000000001        1.0092464655172413        1.0117737340571562     
   18.649999999999999        1.0089572241379310        1.0113756889308898     
   18.750000000000000        1.0087135517241377        1.0108442723027362     
   18.850000000000001        1.0084712931034483        1.0104423643349361     
   18.949999999999999        1.0082439137931032        1.0100603913886230     
   19.050000000000001        1.0081457586206897        1.0097166329817691     
   19.149999999999999        1.0078290689655174        1.0093202433590167     
   19.250000000000000        1.0077039310344826        1.0089177145773982     
   19.350000000000001        1.0075476379310344        1.0085692655772533     
   19.449999999999999        1.0072215000000000        1.0082307840878522     
   19.550000000000001        1.0072093620689655        1.0079308275448193     
   19.649999999999999        1.0068768620689657        1.0077091625221597     
   19.750000000000000        1.0066947413793104        1.0074273820281301     
   19.850000000000001        1.0064554827586205        1.0071380138096584     
   19.949999999999999        1.0062829137931035        1.0068975864138348     
   20.050000000000001        1.0061288793103449        1.0067236895654994     
   20.149999999999999        1.0058411206896549        1.0064543253478284     
   20.250000000000000        1.0056051379310342        1.0062811182926241     
   20.350000000000001        1.0054479137931036        1.0059910257913653     
   20.449999999999999        1.0052453448275864        1.0058868670285783     
   20.550000000000001        1.0050836034482757        1.0056173303626244     
   20.649999999999999        1.0047273275862068        1.0054700940188035     
   20.750000000000000        1.0046780517241380        1.0053349635444331     
   20.850000000000001        1.0045383275862068        1.0052147670913494     
   20.949999999999999        1.0043039310344830        1.0050265225458885     
   21.050000000000001        1.0041236551724138        1.0048746990777468     
   21.149999999999999        1.0039211206896550        1.0047765415151995     
   21.250000000000000        1.0038307586206896        1.0046838678080441     
   21.350000000000001        1.0036124137931035        1.0045268019121067     
   21.449999999999999        1.0035292413793102        1.0043653558297865     
   21.550000000000001        1.0033488793103449        1.0042661290878867     
   21.649999999999999        1.0032218275862070        1.0042429865283400     
   21.750000000000000        1.0031561034482759        1.0040351173683011     
   21.850000000000001        1.0029266724137931        1.0039696560001654     
   21.949999999999999        1.0028891896551726        1.0038055197246345     
   22.050000000000001        1.0027459310344828        1.0037072931827746     
   22.149999999999999        1.0025743103448277        1.0035299128791275     
   22.250000000000000        1.0024686379310346        1.0035080119472171     
   22.350000000000001        1.0023758620689656        1.0033647419138996     
   22.449999999999999        1.0023214137931034        1.0032555821509128     
   22.550000000000001        1.0021790862068967        1.0032185747494329     
   22.649999999999999        1.0021458103448277        1.0030504031840850     
   22.750000000000000        1.0020263793103448        1.0028956480951361     
   22.850000000000001        1.0019358793103448        1.0028232198163771     
   22.949999999999999        1.0018299827586206        1.0027388926061072     
   23.050000000000001        1.0017233965517240        1.0026551172303424     
   23.149999999999999        1.0016657931034485        1.0025959674693559     
   23.250000000000000        1.0015865189655173        1.0024624924984995     
   23.350000000000001        1.0015404137931037        1.0022770416152196     
   23.449999999999999        1.0014043103448276        1.0023035986507647     
   23.550000000000001        1.0014726896551724        1.0021738140731595     
   23.649999999999999        1.0013519672413791        1.0020642059446370     
   23.750000000000000        1.0013804793103449        1.0020513757923999     
   23.850000000000001        1.0013758379310342        1.0019282132288525     
   23.949999999999999        1.0011738689655174        1.0018696842816837     
   24.050000000000001        1.0012871603448277        1.0017516606769630     
   24.149999999999999        1.0012126689655172        1.0017197577446522     
   24.250000000000000        1.0011678827586206        1.0015781777045063     
   24.350000000000001        1.0010699224137931        1.0015584151313022     
   24.449999999999999        1.0009940500000001        1.0015651992467458     
   24.550000000000001        1.0009953310344830        1.0015071428078721     
   24.649999999999999        1.0009738258620688        1.0014324485586774     
   24.750000000000000        1.0008511413793104        1.0013490284263751     
   24.850000000000001        1.0007941706896553        1.0012814562912580     
   24.949999999999999        1.0008445517241378        1.0012070517551785     
   25.050000000000001        1.0007329758620689        1.0011613460623159     
   25.149999999999999        1.0006451603448276        1.0011556276772593     
   25.250000000000000        1.0006386568965517        1.0010879037876543     
   25.350000000000001        1.0006327034482760        1.0010960536934972     
   25.449999999999999        1.0005788655172412        1.0010354760607292     
   25.550000000000001        1.0005736189655172        1.0009503555883592     
   25.649999999999999        1.0004640844827586        1.0008883466348442     
   25.750000000000000        1.0005458327586205        1.0008741403453105     
   25.850000000000001        1.0005099844827587        1.0008197191162369     
   25.949999999999999        1.0004987275862067        1.0008398783204917     
   26.050000000000001        1.0003930741379312        1.0007492912375577     
   26.149999999999999        1.0003616655172411        1.0008128591235488     
   26.250000000000000        1.0002965655172411        1.0006403004738877     
   26.350000000000001        1.0003277913793105        1.0006903001289913     
   26.449999999999999        1.0002478500000000        1.0006243352118700     
   26.550000000000001        1.0002308793103447        1.0007331949148450     
   26.649999999999999        1.0001918672413792        1.0005846686578697     
   26.750000000000000        1.0002332293103446        1.0005664132826566     
   26.850000000000001        1.0002210758620691        1.0005285367418311     
   26.949999999999999        1.0001798965517243        1.0004738189017115     
   27.050000000000001        1.0001288431034481        1.0005331204171870     
   27.149999999999999        1.0000719534482760        1.0004273889260613     
   27.250000000000000        1.0000641896551723        1.0004391947354989     
   27.350000000000001        1.0000432379310344        1.0003684392050824     
   27.449999999999999       0.99999415689655180        1.0004372046823156     
   27.550000000000001        1.0000408275862069        1.0003433341840782     
   27.649999999999999       0.99993227413793084        1.0002306254354318     
   27.750000000000000        1.0000283534482759        1.0002951693787032     
   27.850000000000001       0.99996153965517243        1.0002470459609161     
   27.949999999999999       0.99993655862068964        1.0002698608687255     
   28.050000000000001       0.99994025689655164        1.0002360748011672     
   28.149999999999999       0.99994536896551733        1.0002445454608160     
   28.250000000000000       0.99995152931034514        1.0001824813238509     
   28.350000000000001       0.99985771724137917        1.0001293982934518     
   28.449999999999999       0.99992455344827591        1.0001907691883205     
   28.550000000000001       0.99988322241379302        1.0001673024260023     
   28.649999999999999       0.99980256206896556        1.0000974194838967     
   28.750000000000000       0.99986608103448271        1.0001193135178763     
   28.850000000000001       0.99982657413793108        1.0001062833256307     
   28.949999999999999       0.99976481896551728        1.0001198136178959     
   29.050000000000001       0.99979417413793104        1.0001132536852197     
   29.149999999999999       0.99970044137931047        1.0000492132909340     
   29.250000000000000       0.99969262241379320       0.99996985604017341     
   29.350000000000001       0.99977753965517246        1.0000181932938315     
   29.449999999999999       0.99973263793103451       0.99999372633147332     
   29.550000000000001       0.99969182068965523       0.99989537907581549     
   29.649999999999999       0.99974665689655162       0.99999246745900905     
   29.750000000000000       0.99967281034482747       0.99993785653682465     
   29.850000000000001       0.99963365344827604       0.99991182719302485     
   29.949999999999999       0.99970583793103451       0.99987365404115292     
   30.050000000000001       0.99975458793103456       0.99984534148208948     
   30.149999999999999       0.99967229310344830       0.99983445999544729     
   30.250000000000000       0.99968587931034469       0.99984469307654622     
   30.350000000000001       0.99969151206896556       0.99976315952845751     
   30.449999999999999       0.99962619482758619       0.99984956646501721     
   30.550000000000001       0.99961485517241377       0.99982116078388095     
   30.649999999999999       0.99967466724137921       0.99980746494126382     
   30.750000000000000       0.99964588275862076       0.99984932503742097     
   30.850000000000001       0.99963272413793114       0.99977971801256804     
   30.949999999999999       0.99962302068965514       0.99984302377716916     
   31.050000000000001       0.99962983965517238       0.99980008760372763     
   31.149999999999999       0.99968155172413775       0.99975371281152769     
   31.250000000000000       0.99961385000000014       0.99982532713439232     
   31.350000000000001       0.99962257413793099       0.99974330728214611     
   31.449999999999999       0.99958828793103449       0.99971215967331395     
   31.550000000000001       0.99965652068965527       0.99971741244800683     
   31.649999999999999       0.99960487413793098       0.99969615647267407     
   31.750000000000000       0.99966586034482774       0.99977545164205261     
   31.850000000000001       0.99962385862068981       0.99971333921956829     
   31.949999999999999       0.99953827758620672       0.99975867932207119     
   32.049999999999997       0.99956898793103455       0.99973197742996867     
   32.149999999999999       0.99956225172413793       0.99971831262804300     
   32.250000000000000       0.99955529999999992       0.99969031047588819     
   32.350000000000001       0.99962674655172423       0.99973777169226963     
   32.450000000000003       0.99955675517241382       0.99971445668444026     
   32.549999999999997       0.99958772758620706       0.99967682502017630     
   32.649999999999999       0.99954742586206913       0.99967739754847518     
   32.750000000000000       0.99952338103448257       0.99971092494360958     
   32.850000000000001       0.99955845172413804       0.99968490939567223     
   32.950000000000003       0.99952952931034500       0.99969304550565286     
   33.049999999999997       0.99957081379310342       0.99968565782121943     
   33.149999999999999       0.99950967758620690       0.99964458753819752     
   33.250000000000000       0.99959608103448294       0.99968622345158686     
   33.350000000000001       0.99956630344827579       0.99967163432686523     
   33.450000000000003       0.99960423965517242       0.99967367611453306     
   33.549999999999997       0.99955756551724151       0.99975054666105634     
   33.649999999999999       0.99956414655172399       0.99972432762414554     
   33.750000000000000       0.99954717586206909       0.99964836415558966     
   33.850000000000001       0.99955791206896571       0.99963732056756194     
   33.950000000000003       0.99956298620689654       0.99965240979230308     
   34.049999999999997       0.99955537586206888       0.99967834256506494     
   34.149999999999999       0.99959297413793102       0.99966692993771145     
   34.250000000000000       0.99953470517241372       0.99969221430492994     
   34.350000000000001       0.99956115862068962       0.99963102965420680     
   34.450000000000003       0.99957177068965519       0.99964433576370459     
   34.549999999999997       0.99956314137931024       0.99961842713370275     
   34.649999999999999       0.99957665000000007       0.99965527243379726     
   34.750000000000000       0.99949552241379314       0.99963722054755777     
   34.850000000000001       0.99953088448275840       0.99962287285043205     
   34.950000000000003       0.99951913103448276       0.99962591138917423     
   35.049999999999997       0.99955631379310339       0.99957924688385935     
   35.149999999999999       0.99957408448275853       0.99962898786653864     
   35.250000000000000       0.99954759137931037       0.99961363652040713     
   35.350000000000001       0.99955922758620686       0.99961055659407738     
   35.450000000000003       0.99954112758620695       0.99961251905553561     
   35.549999999999997       0.99952980862068963       0.99962701505818419     
   35.649999999999999       0.99948537586206898       0.99960898731470438     
   35.750000000000000       0.99956939310344839       0.99965898352084226     
   35.850000000000001       0.99951261724137930       0.99961209138379392     
   35.950000000000003       0.99950780689655194       0.99955418669940899     
   36.049999999999997       0.99952610172413792       0.99959278407405594     
   36.149999999999999       0.99951570172413773       0.99962290044215762     
   36.250000000000000       0.99949257931034474       0.99958070234736629     
   36.350000000000001       0.99951569655172423       0.99958151285429475     
   36.450000000000003       0.99954634827586220       0.99962555614571191     
   36.549999999999997       0.99954956724137933       0.99959847486738729     
   36.649999999999999       0.99956712241379320       0.99955549730635784     
   36.750000000000000       0.99953859482758622       0.99959188044505431     
   36.850000000000001       0.99945972586206899       0.99959241503473095     
   36.950000000000003       0.99947889827586189       0.99954867525229185     
   37.049999999999997       0.99948375862068961       0.99962328672631084     
   37.149999999999999       0.99949702241379290       0.99953354808892791     
   37.250000000000000       0.99944906551724144       0.99953904574018249     
   37.350000000000001       0.99949143448275879       0.99951266460188593     
   37.450000000000003       0.99950302068965535       0.99955875657890203     
   37.549999999999997       0.99954042413793109       0.99955951190238057     
   37.649999999999999       0.99949213103448309       0.99953806623393604     
   37.750000000000000       0.99947316551724130       0.99950471128708485     
   37.850000000000001       0.99948538620689664       0.99960447951659293     
   37.950000000000003       0.99947998965517248       0.99950816025274003     
   38.049999999999997       0.99949031206896555       0.99956231246249239     
   38.149999999999999       0.99949268620689635       0.99956551310262043     
   38.250000000000000       0.99945986896551731       0.99950364900566302     
   38.350000000000001       0.99947069482758644       0.99950571148712519     
   38.450000000000003       0.99946885517241379       0.99947754723358473     
   38.549999999999997       0.99945901206896559       0.99952904373978224     
   38.649999999999999       0.99935880862068971       0.99952758137834485     
   38.750000000000000       0.99948481206896544       0.99951253009222518     
   38.850000000000001       0.99942757758620693       0.99951554793717368     
   38.950000000000003       0.99943121551724146       0.99946233729504497     
   39.049999999999997       0.99946756206896525       0.99949345731215200     
   39.149999999999999       0.99944535344827601       0.99947516744728271     
   39.250000000000000       0.99948767931034488       0.99950461126708112     
   39.350000000000001       0.99950963793103453       0.99946394796200622     
   39.450000000000003       0.99944323448275862       0.99948563850701155     
   39.549999999999997       0.99939865344827605       0.99947554683350470     
   39.649999999999999       0.99943958103448283       0.99952657772933917     
   39.750000000000000       0.99941550344827601       0.99948215850066580     
   39.850000000000001       0.99945867758620710       0.99944348869773969     
   39.950000000000003       0.99942626551724145       0.99945090742286380     
   40.049999999999997       0.99942119482758618       0.99950502514295969     
   40.149999999999999       0.99946470517241393       0.99949281580454019     
   40.250000000000000       0.99947695344827570       0.99944460961157722     
   40.350000000000001       0.99946050344827597       0.99945230080498881     
   40.450000000000003       0.99948005862068956       0.99950552524297942     
   40.549999999999997       0.99944098793103442       0.99941612805319691     
   40.649999999999999       0.99942302241379288       0.99943314524973947     
   40.750000000000000       0.99944384827586208       0.99946133364603962     
   40.850000000000001       0.99941089310344833       0.99947784039566534     
   40.950000000000003       0.99941909310344834       0.99943115864552212     
   41.049999999999997       0.99943991724137937       0.99946254423298453     
   41.149999999999999       0.99940709655172411       0.99951136089286829     
   41.250000000000000       0.99942012413793091       0.99948705603189592     
   41.350000000000001       0.99941561379310362       0.99946293741506920     
   41.450000000000003       0.99943573103448280       0.99949991377585867     
   41.549999999999997       0.99940941379310355       0.99945405977747248     
   41.649999999999999       0.99943312241379312       0.99947554683350426     
   41.750000000000000       0.99941171379310334       0.99947190127680707     
   41.850000000000001       0.99939961379310338       0.99943061370894881     
   41.950000000000003       0.99942485344827570       0.99943641486918067     
   42.049999999999997       0.99941126206896569       0.99945836063764437     
   42.149999999999999       0.99939183275862065       0.99943351428906502     
   42.250000000000000       0.99941462586206908       0.99948397265660038     
   42.350000000000001       0.99937271206896550       0.99946081975015688     
   42.450000000000003       0.99942587068965505       0.99944413365431706     
   42.549999999999997       0.99941634827586212       0.99942585413634455     
   42.649999999999999       0.99943469310344812       0.99945231460085115     
   42.750000000000000       0.99939906896551722       0.99945183174565932     
   42.850000000000001       0.99938288793103447       0.99941447599864786     
   42.950000000000003       0.99941303448275842       0.99940557421829179     
   43.049999999999997       0.99937516896551726       0.99939405812196913     
   43.149999999999999       0.99938094655172427       0.99939508936270005     
   43.250000000000000       0.99942858103448273       0.99939561015651379     
   43.350000000000001       0.99936009655172398       0.99940665719350774     
   43.450000000000003       0.99937719655172408       0.99940628815418242     
   43.549999999999997       0.99939783793103443       0.99939295445295961     
   43.649999999999999       0.99943212068965515       0.99943530430223959     
   43.750000000000000       0.99937176724137911       0.99942297080105702     
   43.850000000000001       0.99938810689655178       0.99939471342544339     
   43.950000000000003       0.99940880517241371       0.99943483524291066     
   44.049999999999997       0.99937650517241394       0.99940571217691809     
   44.149999999999999       0.99937262068965504       0.99937438867083739     
   44.250000000000000       0.99941598448275859       0.99937116043898422     
   44.350000000000001       0.99934459137931042       0.99938820867621792     
   44.450000000000003       0.99936975344827594       0.99940834028874759     
   44.549999999999997       0.99940189310344840       0.99936917728373265     
   44.649999999999999       0.99937163448275856       0.99941811465741448     
   44.750000000000000       0.99939590689655178       0.99941466569175885     
   44.850000000000001       0.99937360862068969       0.99940615709348746     
   44.950000000000003       0.99940863275862069       0.99934728324975364     
   45.049999999999997       0.99937000862069003       0.99934659690558814     
   45.149999999999999       0.99936589310344859       0.99937855502134920     
   45.250000000000000       0.99934632758620690       0.99935135302922673     
   45.350000000000001       0.99934090344827586       0.99937223996523417     
   45.450000000000003       0.99939781896551727       0.99936613529602458     
   45.549999999999997       0.99933472758620678       0.99936721482227475     
   45.649999999999999       0.99931812241379303       0.99935289126790849     
   45.750000000000000       0.99937627413793106       0.99936495230080502     
   45.850000000000001       0.99932616896551729       0.99935768877913489     
   45.950000000000003       0.99932797068965518       0.99938923991694883     
   46.049999999999997       0.99934724655172413       0.99939019183146971     
   46.149999999999999       0.99938769137931027       0.99937285388112118     
   46.250000000000000       0.99934126379310340       0.99932883128349814     
   46.350000000000001       0.99938418103448279       0.99939086782873809     
   46.450000000000003       0.99937248965517234       0.99934110615226501     
   46.549999999999997       0.99933697758620676       0.99938648074442471     
   46.649999999999999       0.99933254655172421       0.99937717198612130     
   46.750000000000000       0.99936382758620701       0.99934818687875504     
   46.850000000000001       0.99935063103448285       0.99937927585517106     
   46.950000000000003       0.99934328620689661       0.99935622296873172     
   47.049999999999997       0.99936654482758636       0.99940296680025664     
   47.149999999999999       0.99937234482758641       0.99935770947292901     
   47.250000000000000       0.99935878965517244       0.99937994840347388     
   47.350000000000001       0.99935658965517238       0.99936405212076906     
   47.450000000000003       0.99934385172413787       0.99936900138648410     
   47.549999999999997       0.99935266896551722       0.99939512385235685     
   47.649999999999999       0.99935686379310340       0.99937222272040604     
   47.750000000000000       0.99933253103448272       0.99936162059998190     
   47.850000000000001       0.99938701551724141       0.99936949803753872     
   47.950000000000003       0.99935720344827594       0.99934990446365135     
   48.049999999999997       0.99930925172413787       0.99935648853908710     
   48.149999999999999       0.99934932931034481       0.99933453587269194     
   48.250000000000000       0.99933364137931036       0.99940961640603998     
   48.350000000000001       0.99936379482758619       0.99934307206268858     
   48.450000000000003       0.99933457241379309       0.99938197294631370     
   48.549999999999997       0.99930261896551720       0.99934785232908663     
   48.649999999999999       0.99932015517241379       0.99936345200074528     
   48.750000000000000       0.99933094310344817       0.99934891805947390     
   48.850000000000001       0.99936421206896553       0.99931031033792939     
   48.950000000000003       0.99932130172413791       0.99934144415089921     
   49.049999999999997       0.99938633103448282       0.99933907126252841     
   49.149999999999999       0.99938495172413799       0.99937689261990337     
   49.250000000000000       0.99934864827586201       0.99936042380889967     
   49.350000000000001       0.99935850344827581       0.99933915403770401     
   49.450000000000003       0.99937351034482758       0.99935052527746926     
   49.549999999999997       0.99932316379310326       0.99934764539114718     
   49.649999999999999       0.99933807241379302       0.99937270212663243     
   49.750000000000000       0.99938046206896547       0.99935452262866364     
   49.850000000000001       0.99933777758620690       0.99935781294189874     
   49.950000000000003       0.99936246379310334       0.99936050313510971     
   50.049999999999997       0.99932894310344822       0.99936292430899965     
   50.149999999999999       0.99937401551724148       0.99937386442805798     
   50.250000000000000       0.99936639482758616       0.99933847459147018     
   50.350000000000001       0.99936244655172413       0.99932928654696440     
   50.450000000000003       0.99939382413793099       0.99937271592249510     
   50.549999999999997       0.99936576724137927       0.99938735333273532     
   50.649999999999999       0.99937618103448278       0.99940762980182252     
   50.750000000000000       0.99935631206896558       0.99939195770188516     
   50.850000000000001       0.99935808620689670       0.99939414779507640     
   50.950000000000003       0.99937798448275861       0.99938169013112976     
   51.049999999999997       0.99933761551724132       0.99937767898407270     
   51.149999999999999       0.99938550344827592       0.99937578205296229     
   51.250000000000000       0.99938319310344825       0.99939060225838250     
   51.350000000000001       0.99943053103448287       0.99939703113036404     
   51.450000000000003       0.99939028275862085       0.99940571907484954     
   51.549999999999997       0.99938168965517238       0.99941387932758952     
   51.649999999999999       0.99938303793103445       0.99939470652751239     
   51.750000000000000       0.99937509137931047       0.99939343041022022     
   51.850000000000001       0.99934376724137919       0.99938388022432068     
   51.950000000000003       0.99936278103448273       0.99940545695345973     
   52.049999999999997       0.99940131206896543       0.99945103158562754     
   52.149999999999999       0.99941534999999992       0.99944715149926544     
   52.250000000000000       0.99943647758620680       0.99941363789999360     
   52.350000000000001       0.99940669999999998       0.99942455042732703     
   52.450000000000003       0.99943186379310323       0.99938896744866235     
   52.549999999999997       0.99943857931034485       0.99942590587082947     
   52.649999999999999       0.99941949482758630       0.99943575611674040     
   52.750000000000000       0.99941104655172408       0.99942759241503487     
   52.850000000000001       0.99942528620689675       0.99938556331956041     
   52.950000000000003       0.99944084827586199       0.99943524222085789     
   53.049999999999997       0.99945451206896530       0.99946013340599160     
   53.149999999999999       0.99947949137931036       0.99942947210131672     
   53.250000000000000       0.99946480344827593       0.99946125431982957     
   53.350000000000001       0.99940833448275845       0.99944514420125408     
   53.450000000000003       0.99942862413793110       0.99944981065178562     
   53.549999999999997       0.99946284310344824       0.99943880155341402     
   53.649999999999999       0.99944764655172413       0.99947076311814076     
   53.750000000000000       0.99946837241379305       0.99947581585282574     
   53.850000000000001       0.99946253793103468       0.99943677356160887     
   53.950000000000003       0.99945965172413809       0.99949365735216034     
   54.049999999999997       0.99947844310344847       0.99948814590504287     
   54.149999999999999       0.99946054310344801       0.99945070048492435     
   54.250000000000000       0.99944606551724147       0.99947983044884836     
   54.350000000000001       0.99947272931034470       0.99944804133240450     
   54.450000000000003       0.99942686206896558       0.99950032420277146     
   54.549999999999997       0.99949590862068982       0.99950217974629374     
   54.649999999999999       0.99946002241379306       0.99948029950817785     
   54.750000000000000       0.99947499482758628       0.99948243786688362     
   54.850000000000001       0.99950503793103462       0.99947956142952732     
   54.950000000000003       0.99950977068965519       0.99951658262687004     
   55.049999999999997       0.99952873965517242       0.99951385449503682     
   55.149999999999999       0.99949687413793109       0.99952197680915500     
   55.250000000000000       0.99948905172413816       0.99951157472873886     
   55.350000000000001       0.99950506551724150       0.99951920384076798     
   55.450000000000003       0.99952897241379324       0.99949150519759122     
   55.549999999999997       0.99952704999999997       0.99951322678328725     
   55.649999999999999       0.99952339655172417       0.99951981085872343     
   55.750000000000000       0.99955046724137919       0.99951689303377911     
   55.850000000000001       0.99949369827586176       0.99953001979706291     
   55.950000000000003       0.99951814655172411       0.99953844906912426     
   56.049999999999997       0.99953920344827596       0.99951965910423479     
   56.149999999999999       0.99949607586206901       0.99954546771423247     
   56.250000000000000       0.99956126379310350       0.99953420684136840     
   56.350000000000001       0.99954610172413783       0.99954874768057078     
   56.450000000000003       0.99950502413793096       0.99951709652275278     
   56.549999999999997       0.99955783620689653       0.99957640493615951     
   56.649999999999999       0.99952649137931027       0.99952353919059689     
   56.750000000000000       0.99953862931034487       0.99955588359051106     
   56.850000000000001       0.99953087931034490       0.99951591007856766     
   56.950000000000003       0.99956079655172436       0.99952941277910745     
   57.049999999999997       0.99953772586206879       0.99955186899448867     
   57.149999999999999       0.99953019827586220       0.99954682660670058     
   57.250000000000000       0.99952555689655165       0.99955621124224858     
   57.350000000000001       0.99953003275862051       0.99954380876175219     
   57.450000000000003       0.99955654137931027       0.99952864365976635     
   57.549999999999997       0.99955519482758637       0.99954880976195237     
   57.649999999999999       0.99951926896551724       0.99954396741417251     
   57.750000000000000       0.99958460344827593       0.99953442067723897     
   57.850000000000001       0.99958190862068963       0.99957907788454237     
   57.950000000000003       0.99956697758620683       0.99958210607638776     
   58.049999999999997       0.99955351034482764       0.99955841858026784     
   58.149999999999999       0.99955557586206889       0.99956752729856302     
   58.250000000000000       0.99953106896551724       0.99953262721509839     
   58.350000000000001       0.99955077758620670       0.99955485579874603     
   58.450000000000003       0.99958248275862083       0.99957345262155861     
   58.549999999999997       0.99955651724137917       0.99957687744445445     
   58.649999999999999       0.99957344827586203       0.99957174193459364     
   58.750000000000000       0.99953444827586213       0.99953347566064954     
   58.850000000000001       0.99953918103448269       0.99956051210242058     
   58.950000000000003       0.99955198793103472       0.99958823143939168     
   59.049999999999997       0.99954659999999995       0.99957148671113516     
   59.149999999999999       0.99953987068965522       0.99956516475708934     
   59.250000000000000       0.99956916206896551       0.99957646356857588     
   59.350000000000001       0.99957211896551723       0.99954076332507880     
   59.450000000000003       0.99958521379310317       0.99958245442191906     
   59.549999999999997       0.99956258793103436       0.99956737899303982     
   59.649999999999999       0.99955976551724124       0.99955172413793103     
   59.750000000000000       0.99956185689655175       0.99955326927454458     
   59.850000000000001       0.99956766724137935       0.99955903249615452     
   59.950000000000003       0.99955236206896525       0.99955735629884612     
   60.049999999999997       0.99955830689655167       0.99954433300453183     
   60.149999999999999       0.99955817068965502       0.99957710852515336     
   60.250000000000000       0.99956659310344820       0.99958359602955071     
   60.350000000000001       0.99955111206896552       0.99953166840264629     
   60.450000000000003       0.99956091724137952       0.99958744852418768     
   60.549999999999997       0.99957604655172405       0.99955744942091840     
   60.649999999999999       0.99957504310344825       0.99958074028598809     
   60.750000000000000       0.99956195689655170       0.99956459912672180     
   60.850000000000001       0.99955680862068963       0.99954228086996710     
   60.950000000000003       0.99956333793103447       0.99958764856419557     
   61.049999999999997       0.99956129137931038       0.99958482041235830     
   61.149999999999999       0.99956341034482765       0.99956317815287199     
   61.250000000000000       0.99955563793103441       0.99956140193555953     
   61.350000000000001       0.99957123103448264       0.99955888074166543     
   61.450000000000003       0.99959870344827595       0.99955294162280739     
   61.549999999999997       0.99957271896551725       0.99957593242786502     
   61.649999999999999       0.99957017413793126       0.99952297356022890     
   61.750000000000000       0.99955555172413779       0.99957251795186663     
   61.850000000000001       0.99956469827586203       0.99954181525960384     
   61.950000000000003       0.99953688965517218       0.99953436549378871     
   62.049999999999997       0.99953527758620697       0.99953183740196294     
   62.149999999999999       0.99955025000000008       0.99956266770595481     
   62.250000000000000       0.99952505517241375       0.99953583820212311     
   62.350000000000001       0.99957269137931037       0.99956081561139798     
   62.450000000000003       0.99954385000000001       0.99956924143449388     
   62.549999999999997       0.99956406206896553       0.99953298245856093     
   62.649999999999999       0.99955433620689671       0.99959464996447567     
   62.750000000000000       0.99954890689655174       0.99954771643983953     
   62.850000000000001       0.99955239137931029       0.99953761097047000     
   62.950000000000003       0.99953097586206907       0.99956498541087524     
   63.049999999999997       0.99955079999999996       0.99959689179215150     
   63.149999999999999       0.99954783448275852       0.99957925378179080     
   63.250000000000000       0.99955918448275871       0.99954173938235924     
   63.350000000000001       0.99956631379310357       0.99952589828310490     
   63.450000000000003       0.99955981379310332       0.99956271944043995     
   63.549999999999997       0.99953802931034486       0.99954333625345748     
   63.649999999999999       0.99955172413793103       0.99955283815383766     
   63.750000000000000       0.99954400862068982       0.99955493857392141     
   63.850000000000001       0.99953366551724132       0.99953257203164769     
   63.950000000000003       0.99955324999999995       0.99953166495368051     
   64.049999999999997       0.99954300172413790       0.99954779576604991     
   64.150000000000006       0.99954548275862076       0.99952795041766984     
   64.250000000000000       0.99952811379310336       0.99954055638713946     
   64.349999999999994       0.99952861896551704       0.99952654323968271     
   64.450000000000003       0.99953109137931029       0.99952359782301259     
   64.549999999999997       0.99953042241379320       0.99953779721461555     
   64.650000000000006       0.99952862413793109       0.99955710107538731     
   64.750000000000000       0.99954239482758633       0.99952997496050944     
   64.849999999999994       0.99954242068965504       0.99956808603099911     
   64.950000000000003       0.99948685172413798       0.99955148960826623     
   65.049999999999997       0.99955031206896550       0.99953494836898393     
   65.150000000000006       0.99952864827586207       0.99951169199357115     
   65.250000000000000       0.99951142586206920       0.99954182560650062     
   65.349999999999994       0.99951997758620681       0.99951734829724548     
   65.450000000000003       0.99950863793103428       0.99954411227073003     
   65.549999999999997       0.99951032586206878       0.99954789578605363     
   65.650000000000006       0.99954205862068979       0.99950608052645040     
   65.750000000000000       0.99953114655172426       0.99952493947065280     
   65.849999999999994       0.99951178620689640       0.99952540163205061     
   65.950000000000003       0.99951067241379321       0.99955522483807113     
   66.049999999999997       0.99949575172413807       0.99948704913396469     
   66.150000000000006       0.99952731206896539       0.99955424188285913     
   66.250000000000000       0.99948651206896533       0.99952101454773701     
   66.349999999999994       0.99951239655172408       0.99951543412130706     
   66.450000000000003       0.99951239999999997       0.99953743162425579     
   66.549999999999997       0.99949570517241382       0.99950607017955306     
   66.650000000000006       0.99951777241379314       0.99951539618268470     
   66.750000000000000       0.99950542413793086       0.99949593711845830     
   66.849999999999994       0.99950485000000011       0.99952085244635114     
   66.950000000000003       0.99951941551724144       0.99950200040007997     
   67.049999999999997       0.99953810344827576       0.99947779900807754     
   67.150000000000006       0.99952506379310335       0.99949213980727181     
   67.250000000000000       0.99952581551724151       0.99952178711604400     
   67.349999999999994       0.99953126724137931       0.99949681660470036     
   67.450000000000003       0.99949299482758613       0.99952073863048474     
   67.549999999999997       0.99949760172413793       0.99953139593435925     
   67.650000000000006       0.99956054655172411       0.99951021928523620     
   67.750000000000000       0.99950778965517240       0.99952511881686690     
   67.849999999999994       0.99950784137931026       0.99953299280545760     
   67.950000000000003       0.99953215862068956       0.99953107173158795     
   68.049999999999997       0.99950907931034472       0.99950327306840681     
   68.150000000000006       0.99949227931034490       0.99951291292741318     
   68.250000000000000       0.99951867068965528       0.99950280056011209     
   68.349999999999994       0.99951811379310351       0.99953211676818110     
   68.450000000000003       0.99952917068965519       0.99952262521469826     
   68.549999999999997       0.99950608793103468       0.99949397120803474     
   68.650000000000006       0.99949427068965513       0.99955739768643392     
   68.750000000000000       0.99954379655172421       0.99951560312062393     
   68.849999999999994       0.99951920689655172       0.99953045091776960     
   68.950000000000003       0.99951399310344824       0.99949148450379710     
   69.049999999999997       0.99954029310344827       0.99952825047768190     
   69.150000000000006       0.99950427758620686       0.99951648260686610     
   69.250000000000000       0.99952769137931041       0.99951687578895099     
   69.349999999999994       0.99953323275862083       0.99953677976974697     
   69.450000000000003       0.99954540517241364       0.99953979761469502     
   69.549999999999997       0.99952958965517247       0.99953157872953879     
   69.650000000000006       0.99950617586206902       0.99954877872126158     
   69.750000000000000       0.99952179137931041       0.99953596581385240     
   69.849999999999994       0.99950887758620666       0.99951072283422215     
   69.950000000000003       0.99954155000000000       0.99954643687358147     
   70.049999999999997       0.99951406034482759       0.99955135854757171     
   70.150000000000006       0.99949891724137929       0.99952463941064118     
   70.250000000000000       0.99954082758620688       0.99953891812845319     
   70.349999999999994       0.99954283620689677       0.99952629836312079     
   70.450000000000003       0.99953833620689647       0.99953064750881226     
   70.549999999999997       0.99953646379310346       0.99951303019224547     
   70.650000000000006       0.99951668793103443       0.99953134764884000     
   70.750000000000000       0.99953539999999985       0.99955534210290320     
   70.849999999999994       0.99955042586206921       0.99956738244200560     
   70.950000000000003       0.99953804999999996       0.99954844762055861     
   71.049999999999997       0.99953723275862072       0.99954244642031853     
   71.150000000000006       0.99956236896551720       0.99955155858757960     
   71.250000000000000       0.99957650517241381       0.99953918369880879     
   71.349999999999994       0.99953224482758629       0.99954909947506732     
   71.450000000000003       0.99955667758620681       0.99957348021328429     
   71.549999999999997       0.99955104655172411       0.99959837829634879     
   71.650000000000006       0.99956458275862059       0.99956138813969708     
   71.750000000000000       0.99954586206896545       0.99953302729511428     
   71.849999999999994       0.99955244827586209       0.99953041642811324     
   71.950000000000003       0.99955396724137935       0.99954962716681273     
   72.049999999999997       0.99958054482758618       0.99954995136958424     
   72.150000000000006       0.99954067758620690       0.99956492332949332     
   72.250000000000000       0.99955744999999996       0.99956913106759271     
   72.349999999999994       0.99957178448275852       0.99956157093487663     
   72.450000000000003       0.99955050344827590       0.99955784260300329     
   72.549999999999997       0.99955946896551728       0.99954509522594170     
   72.650000000000006       0.99956398275862091       0.99954198425892093     
   72.750000000000000       0.99957154999999998       0.99956829986687012     
   72.849999999999994       0.99957212413793117       0.99955057563236793     
   72.950000000000003       0.99956656034482760       0.99955686999468851     
   73.049999999999997       0.99956044655172405       0.99956744107442175     
   73.150000000000006       0.99955118965517242       0.99954677832118133     
   73.250000000000000       0.99957106551724162       0.99955690448434509     
   73.349999999999994       0.99953731724137906       0.99954111167061011     
   73.450000000000003       0.99956054655172422       0.99955264501176122     
   73.549999999999997       0.99955736896551728       0.99959985100468385     
   73.650000000000006       0.99955528275862071       0.99957472184091978     
   73.750000000000000       0.99955069999999990       0.99957318705120335     
   73.849999999999994       0.99956856034482744       0.99956519579778014     
   73.950000000000003       0.99957048448275887       0.99956352649840319     
   74.049999999999997       0.99955178275862067       0.99958713811727906     
   74.150000000000006       0.99953880344827595       0.99954287754102533     
   74.250000000000000       0.99955284310344816       0.99955133785377781     
   74.349999999999994       0.99957436724137938       0.99957976077974242     
   74.450000000000003       0.99955165000000012       0.99959185630229519     
   74.549999999999997       0.99960132241379307       0.99958555849100861     
   74.650000000000006       0.99959674827586209       0.99958012981906719     
   74.750000000000000       0.99956072586206890       0.99957827427554469     
   74.849999999999994       0.99955214655172409       0.99954864421160083     
   74.950000000000003       0.99957973275862089       0.99956344372322736     
   75.049999999999997       0.99955535000000006       0.99958348911161510     
   75.150000000000006       0.99955264827586199       0.99958796931800187     
   75.250000000000000       0.99956240172413779       0.99957669464927468     
   75.349999999999994       0.99956926034482751       0.99956120189555142     
   75.450000000000003       0.99953677068965519       0.99956989673796826     
   75.549999999999997       0.99955215862068980       0.99957608763131944     
   75.650000000000006       0.99955759482758633       0.99956613736540434     
   75.750000000000000       0.99958781896551741       0.99958168875154330     
   75.849999999999994       0.99957404655172422       0.99957817770450641     
   75.950000000000003       0.99954379999999987       0.99953994247125277     
   76.049999999999997       0.99957208275862075       0.99957133495664652     
   76.150000000000006       0.99953364655172416       0.99955193452483604     
   76.250000000000000       0.99956162413793093       0.99956047416379812     
   76.349999999999994       0.99955114137931045       0.99955078257030705     
   76.450000000000003       0.99958146724137920       0.99956571659159454     
   76.549999999999997       0.99954127413793104       0.99953578301867263     
   76.650000000000006       0.99957024310344811       0.99957435280159501     
   76.750000000000000       0.99953981034482764       0.99954345006932432     
   76.849999999999994       0.99956491034482764       0.99955835649888602     
   76.950000000000003       0.99955047758620674       0.99954396396520673     
   77.049999999999997       0.99954594827586196       0.99954210497271900     
   77.150000000000006       0.99954421896551726       0.99955197246345817     
   77.250000000000000       0.99953805517241379       0.99952562581481808     
   77.349999999999994       0.99955759137931022       0.99956467500396640     
   77.450000000000003       0.99956957758620701       0.99956031896034347     
   77.549999999999997       0.99952186896551720       0.99953925267812194     
   77.650000000000006       0.99953451551724126       0.99954649205703217     
   77.750000000000000       0.99955498793103459       0.99954063226438405     
   77.849999999999994       0.99955043103448249       0.99954469169695992     
   77.950000000000003       0.99952151896551711       0.99954790268398530     
   78.049999999999997       0.99953343620689661       0.99954367425209178     
   78.150000000000006       0.99955513793103457       0.99954205668719986     
   78.250000000000000       0.99952668275862067       0.99954841313090204     
   78.349999999999994       0.99954321206896546       0.99956039483758818     
   78.450000000000003       0.99954445000000014       0.99956305054114225     
   78.549999999999997       0.99955034310344826       0.99954488139007092     
   78.650000000000006       0.99954206551724156       0.99953608652765047     
   78.750000000000000       0.99956576206896552       0.99954798201019535     
   78.849999999999994       0.99955385344827585       0.99954398810796641     
   78.950000000000003       0.99954277586206897       0.99956940353587975     
   79.049999999999997       0.99953846206896557       0.99956157783280786     
   79.150000000000006       0.99953335172413804       0.99953373433307346     
   79.250000000000000       0.99953668103448279       0.99953503114415998     
   79.349999999999994       0.99953735000000010       0.99954442267763910     
   79.450000000000003       0.99950286379310360       0.99954427437211590     
   79.549999999999997       0.99951651551724141       0.99954138758786248     
   79.650000000000006       0.99952985517241399       0.99953410682136412     
   79.750000000000000       0.99952351724137933       0.99950061736485241     
   79.849999999999994       0.99952621896551730       0.99953043022397592     
   79.950000000000003       0.99952966034482760       0.99955062391788696     
   80.049999999999997       0.99952252931034469       0.99954381910864953     
   80.150000000000006       0.99952912586206899       0.99953975277814200     
   80.250000000000000       0.99951582413793105       0.99954596781425242     
   80.349999999999994       0.99953169655172402       0.99954403639348544     
   80.450000000000003       0.99953205862068972       0.99951911761662693     
   80.549999999999997       0.99953122068965516       0.99953180636127226     
   80.650000000000006       0.99954580689655170       0.99952454973753391     
   80.750000000000000       0.99953629310344816       0.99956336094805176     
   80.849999999999994       0.99952365517241371       0.99953547950969523     
   80.950000000000003       0.99951767413793102       0.99953137868953112     
   81.049999999999997       0.99954402931034492       0.99954679901497545     
   81.150000000000006       0.99953546551724126       0.99956133985417772     
   81.250000000000000       0.99952967413793092       0.99954395706727539     
   81.349999999999994       0.99954419827586205       0.99954818894813446     
   81.450000000000003       0.99954170862068970       0.99956804119444576     
   81.549999999999997       0.99953201034482753       0.99954110822164399     
   81.650000000000006       0.99952781724137929       0.99954471928868549     
   81.750000000000000       0.99955359137931010       0.99953044401983859     
   81.849999999999994       0.99951917931034462       0.99952607418035344     
   81.950000000000003       0.99954853620689654       0.99953345496685542     
   82.049999999999997       0.99953797586206883       0.99954835104952011     
   82.150000000000006       0.99953947758620687       0.99952492912375590     
   82.250000000000000       0.99951404482758632       0.99954789923501952     
   82.349999999999994       0.99953179137931036       0.99954087369197997     
   82.450000000000003       0.99953535689655171       0.99954439853487942     
   82.549999999999997       0.99952502413793121       0.99954566085630936     
   82.650000000000006       0.99954527068965504       0.99953613481316950     
   82.750000000000000       0.99954189137931038       0.99955259672624175     
   82.849999999999994       0.99955010000000011       0.99954602644666846     
   82.950000000000003       0.99955685344827583       0.99954554704044252     
   83.049999999999997       0.99954967758620672       0.99954544012250690     
   83.150000000000006       0.99955566551724129       0.99955637679259968     
   83.250000000000000       0.99955282413793101       0.99954161177062995     
   83.349999999999994       0.99954311551724140       0.99956606493712541     
   83.450000000000003       0.99954137758620698       0.99952812631491839     
   83.549999999999997       0.99955182586206903       0.99954337419207995     
   83.650000000000006       0.99955989137931034       0.99956000510446930     
   83.750000000000000       0.99954349827586197       0.99954614371150108     
   83.849999999999994       0.99953768965517242       0.99955015140959225     
   83.950000000000003       0.99952887241379296       0.99958052300115197     
   84.049999999999997       0.99956311724137925       0.99956246076801558     
   84.150000000000006       0.99956869137931037       0.99953208917645608     
   84.250000000000000       0.99953887241379313       0.99955319339730009     
   84.349999999999994       0.99954853275862066       0.99955160342413318     
   84.450000000000003       0.99956039137931041       0.99957505639058830     
   84.549999999999997       0.99955117758620693       0.99954015975608923     
   84.650000000000006       0.99953157931034475       0.99955501445116646     
   84.750000000000000       0.99955683275862084       0.99955353829386573     
   84.849999999999994       0.99955852586206895       0.99953820074359689     
   84.950000000000003       0.99954867586206908       0.99952896786253786     
   85.049999999999997       0.99954497413793097       0.99957279731808435     
   85.150000000000006       0.99952298965517250       0.99956617530402636     
   85.250000000000000       0.99953495344827581       0.99954213601340969     
   85.349999999999994       0.99954797758620706       0.99956891723172225     
   85.450000000000003       0.99953240172413804       0.99955095846755604     
   85.549999999999997       0.99954083965517238       0.99956111222244459     
   85.650000000000006       0.99954700862068957       0.99957848466244981     
   85.750000000000000       0.99956386034482747       0.99956504404329150     
   85.849999999999994       0.99953674310344842       0.99954457788109330     
   85.950000000000003       0.99956078103448287       0.99955936014789160     
   86.049999999999997       0.99954965862068956       0.99956655124128280     
   86.150000000000006       0.99954089482758612       0.99956524063433383     
   86.250000000000000       0.99955107586206882       0.99956069489760013     
   86.349999999999994       0.99955961896551737       0.99956032930724059     
   86.450000000000003       0.99958389137931014       0.99956620634471738     
   86.549999999999997       0.99955774655172414       0.99957338364224579     
   86.650000000000006       0.99954190344827576       0.99956088803967680     
   86.750000000000000       0.99955948103448278       0.99955491098219651     
   86.849999999999994       0.99956468793103470       0.99956805843927377     
   86.950000000000003       0.99956236551724142       0.99956751695166612     
   87.049999999999997       0.99953925517241382       0.99957016920625508     
   87.150000000000006       0.99956597931034485       0.99955381421111844     
   87.250000000000000       0.99956779137931029       0.99953940788157614     
   87.349999999999994       0.99953847931034501       0.99956476467707323     
   87.450000000000003       0.99957113620689653       0.99956938284208574     
   87.549999999999997       0.99955605689655203       0.99956297811286410     
   87.650000000000006       0.99952894999999997       0.99956240558456511     
   87.750000000000000       0.99955207413793101       0.99956449220878640     
   87.849999999999994       0.99956028965517230       0.99954346731415267     
   87.950000000000003       0.99956671379310325       0.99956408867980528     
   88.049999999999997       0.99953857241379318       0.99953784894910025     
   88.150000000000006       0.99953025344827584       0.99956069489760035     
   88.250000000000000       0.99955472241379328       0.99955094467169270     
   88.349999999999994       0.99954355689655161       0.99955959812652184     
   88.450000000000003       0.99954312758620678       0.99954435024936039     
   88.549999999999997       0.99953166724137921       0.99956980361589531     
   88.650000000000006       0.99955608620689662       0.99957343537673049     
   88.750000000000000       0.99954960862068964       0.99955169999517157     
   88.849999999999994       0.99955667413793114       0.99956659952680205     
   88.950000000000003       0.99954929310344820       0.99957139014009699     
   89.049999999999997       0.99956188965517234       0.99956022928723687     
   89.150000000000006       0.99954119310344813       0.99956535445020045     
   89.250000000000000       0.99954297068965503       0.99954065295817784     
   89.349999999999994       0.99955559655172421       0.99956321609149434     
   89.450000000000003       0.99954884655172416       0.99955670444433709     
   89.549999999999997       0.99953277758620684       0.99955647336363806     
   89.650000000000006       0.99953732413793106       0.99955733215608644     
   89.750000000000000       0.99953453103448286       0.99954958922819048     
   89.849999999999994       0.99951865344827595       0.99957283180774092     
   89.950000000000003       0.99953835344827602       0.99957403204778872     
   90.049999999999997       0.99956638620689642       0.99958058508253389     
   90.150000000000006       0.99954754827586223       0.99955067565237188     
   90.250000000000000       0.99953420000000004       0.99955696311676101     
   90.349999999999994       0.99955460689655173       0.99956286429699726     
   90.450000000000003       0.99954520000000002       0.99956440253567969     
   90.549999999999997       0.99954121724137934       0.99954688179015105     
   90.650000000000006       0.99954327586206904       0.99954699560601767     
   90.750000000000000       0.99954509137931025       0.99957062791868689     
   90.849999999999994       0.99954690000000013       0.99957384925260906     
   90.950000000000003       0.99955210517241366       0.99957151430286051     
   91.049999999999997       0.99954737931034476       0.99956290568458528     
   91.150000000000006       0.99955423448275860       0.99954705768739938     
   91.250000000000000       0.99954428448275845       0.99955903249615463     
   91.349999999999994       0.99954215000000013       0.99956482330948959     
   91.450000000000003       0.99955372758620675       0.99955975677894215     
   91.549999999999997       0.99956840862068974       0.99956632705851522     
   91.650000000000006       0.99956088103448271       0.99954816825434045     
   91.750000000000000       0.99955261896551728       0.99956052934724871     
   91.849999999999994       0.99955076034482759       0.99953876292499877     
   91.950000000000003       0.99955759999999982       0.99956073283622238     
   92.049999999999997       0.99956317931034488       0.99953250305233454     
   92.150000000000006       0.99957082931034469       0.99956419904670601     
   92.250000000000000       0.99956027241379297       0.99956153644522028     
   92.349999999999994       0.99957321551724154       0.99955184485172888     
   92.450000000000003       0.99955068448275863       0.99957276627739355     
   92.549999999999997       0.99956907931034489       0.99956401280256069     
   92.650000000000006       0.99954690689655168       0.99957121079388300     
   92.750000000000000       0.99955927068965500       0.99955933255616625     
   92.849999999999994       0.99955675172413794       0.99954126342509886     
   92.950000000000003       0.99955200689655177       0.99956824123445376     
   93.049999999999997       0.99955820172413801       0.99954340868173652     
   93.150000000000006       0.99955351724137942       0.99956092252933337     
   93.250000000000000       0.99955242241379316       0.99957975733077664     
   93.349999999999994       0.99954632931034482       0.99956792048064813     
   93.450000000000003       0.99955093965517250       0.99958443067923919     
   93.549999999999997       0.99955316896551727       0.99958990418773419     
   93.650000000000006       0.99954533275862056       0.99957677742445050     
   93.750000000000000       0.99953758793103464       0.99957168330217772     
   93.849999999999994       0.99954674827586198       0.99956873098757659     
   93.950000000000003       0.99954036896551712       0.99956693062750479     
   94.049999999999997       0.99953098103448279       0.99959000765670369     
   94.150000000000006       0.99956297241379310       0.99956684095439796     
   94.250000000000000       0.99954215862068962       0.99958072304115975     
   94.349999999999994       0.99955054310344837       0.99955658717950480     
   94.450000000000003       0.99955148103448288       0.99956799980685795     
   94.549999999999997       0.99954593448275864       0.99956608218195364     
   94.650000000000006       0.99955952068965503       0.99957099695801255     
   94.750000000000000       0.99955605344827592       0.99958292003228255     
   94.849999999999994       0.99955060689655151       0.99957875023280529     
   94.950000000000003       0.99957674310344813       0.99956257803284798     
   95.049999999999997       0.99953717758620697       0.99957386649743740     
   95.150000000000006       0.99953779827586209       0.99957825703071668     
   95.250000000000000       0.99956085862068966       0.99956796186823549     
   95.349999999999994       0.99956806034482759       0.99954644032254725     
   95.450000000000003       0.99955123275862068       0.99955180346414085     
   95.549999999999997       0.99953899310344829       0.99956871029378314     
   95.650000000000006       0.99955772068965509       0.99955437294355420     
   95.750000000000000       0.99955479827586213       0.99956076042794773     
   95.849999999999994       0.99954869482758602       0.99954570224389716     
   95.950000000000003       0.99956261379310329       0.99955792537817911     
   96.049999999999997       0.99955926379310345       0.99957988839147149     
   96.150000000000006       0.99956286034482766       0.99953835594705154     
   96.250000000000000       0.99955262931034494       0.99952332880369177     
   96.349999999999994       0.99957111551724132       0.99955480751322690     
   96.450000000000003       0.99956236034482759       0.99955488683943694     
   96.549999999999997       0.99955812413793099       0.99953401714825718     
   96.650000000000006       0.99955799482758612       0.99956134675210884     
   96.750000000000000       0.99957097931034455       0.99955665960778384     
   96.849999999999994       0.99955400517241377       0.99956130536452104     
   96.950000000000003       0.99955314310344834       0.99955218629932874     
   97.049999999999997       0.99955991551724144       0.99956586834608296     
   97.150000000000006       0.99955324999999995       0.99956053624517993     
   97.250000000000000       0.99956974137931021       0.99955863241613829     
   97.349999999999994       0.99955513620689662       0.99956659262887060     
   97.450000000000003       0.99954268275862068       0.99956774113443392     
   97.549999999999997       0.99955654999999988       0.99954756813431656     
   97.650000000000006       0.99954941896551719       0.99956356788599121     
   97.750000000000000       0.99955321379310347       0.99955474888081064     
   97.849999999999994       0.99955689310344820       0.99956683060750084     
   97.950000000000003       0.99954644827586203       0.99955649060846652     
   98.049999999999997       0.99953656206896557       0.99956684440336330     
   98.150000000000006       0.99953884137931026       0.99956187444385425     
   98.250000000000000       0.99955510689655180       0.99954803029571437     
   98.349999999999994       0.99955363275862075       0.99956383690531225     
   98.450000000000003       0.99954104655172427       0.99956806878617110     
   98.549999999999997       0.99955015517241386       0.99957406998641130     
   98.650000000000006       0.99952860000000010       0.99958065751081260     
   98.750000000000000       0.99952299827586211       0.99957529092025299     
   98.849999999999994       0.99954159137931042       0.99955938429065139     
   98.950000000000003       0.99954240689655194       0.99955795641886991     
   99.049999999999997       0.99955648965517252       0.99956503024742882     
   99.150000000000006       0.99953685689655170       0.99956580626470115     
   99.250000000000000       0.99954413620689664       0.99957569444923455     
   99.349999999999994       0.99952523620689648       0.99957677742445050     
   99.450000000000003       0.99955644655172393       0.99955707348366241     
   99.549999999999997       0.99955267586206920       0.99955422118906523     
   99.650000000000006       0.99956385689655169       0.99954741982879336     
   99.750000000000000       0.99954858793103463       0.99956082250932943     
   99.849999999999994       0.99953629482758632       0.99954973753371368     
   99.950000000000003       0.99955108448275876       0.99956346441702126     
