   5.0000000000000003E-002   0.0000000000000000     
  0.14999999999999999        0.0000000000000000     
  0.25000000000000000        0.0000000000000000     
  0.34999999999999998        0.0000000000000000     
  0.45000000000000001        0.0000000000000000     
  0.55000000000000004        0.0000000000000000     
  0.65000000000000002        0.0000000000000000     
  0.75000000000000000        0.0000000000000000     
  0.84999999999999998        0.0000000000000000     
  0.94999999999999996        0.0000000000000000     
   1.0500000000000000        0.0000000000000000     
   1.1499999999999999        0.0000000000000000     
   1.2500000000000000        0.0000000000000000     
   1.3500000000000001        0.0000000000000000     
   1.4500000000000000        0.0000000000000000     
   1.5500000000000000        0.0000000000000000     
   1.6499999999999999        0.0000000000000000     
   1.7500000000000000        0.0000000000000000     
   1.8500000000000001        0.0000000000000000     
   1.9500000000000000        0.0000000000000000     
   2.0499999999999998        0.0000000000000000     
   2.1499999999999999        0.0000000000000000     
   2.2500000000000000        0.0000000000000000     
   2.3500000000000001        0.0000000000000000     
   2.4500000000000002        0.0000000000000000     
   2.5499999999999998        0.0000000000000000     
   2.6499999999999999        0.0000000000000000     
   2.7500000000000000        0.0000000000000000     
   2.8500000000000001        0.0000000000000000     
   2.9500000000000002        0.0000000000000000     
   3.0499999999999998        9.1071905346352382E-003
   3.1499999999999999        8.4048090641052134E-003
   3.2500000000000000        7.7688793154072743E-003
   3.3500000000000001        7.1985357398840133E-003
   3.4500000000000002        6.6820213485704119E-003
   3.5499999999999998        6.2148600962422269E-003
   3.6499999999999999        5.7910854090661044E-003
   3.7500000000000000        5.4087435599419961E-003
   3.8500000000000001        5.0618634045825730E-003
   3.9500000000000002        4.7482309588139779E-003
   4.0499999999999998        4.4625652804302753E-003
   4.1500000000000004        4.2022388024637036E-003
   4.2500000000000000        3.9665717042290990E-003
   4.3499999999999996        3.7527789581867227E-003
   4.4500000000000002        3.5584970377305152E-003
   4.5499999999999998        3.3814891040706554E-003
   4.6500000000000004        3.2207910454632072E-003
   4.7500000000000000        3.0747402832423400E-003
   4.8499999999999996        2.9417295061547515E-003
   4.9500000000000002        2.8214761440101470E-003
   5.0499999999999998        2.7131174275735687E-003
   5.1500000000000004        2.6144670678094808E-003
   5.2500000000000000        2.5264072443880918E-003
   5.3499999999999996        2.4464126887055065E-003
   5.4500000000000002        2.3747292073421789E-003
   5.5499999999999998        2.3110422984801847E-003
   5.6500000000000004        2.2566779220135791E-003
   5.7500000000000000        2.2074116190761352E-003
   5.8499999999999996        2.1661789884971430E-003
   5.9500000000000002        2.1316855888149663E-003
   6.0499999999999998        2.1034171462744450E-003
   6.1500000000000004        2.0809370573333596E-003
   6.2500000000000000        2.0647098824695927E-003
   6.3499999999999996        2.0531167730252044E-003
   6.4500000000000002        2.0464648728486779E-003
   6.5499999999999998        2.0456708990915446E-003
   6.6500000000000004        2.0499346719434117E-003
   6.7500000000000000        2.0564259109214153E-003
   6.8499999999999996        2.0660108708517862E-003
   6.9500000000000002        2.0775403731884160E-003
   7.0499999999999998        2.0906484171030431E-003
   7.1500000000000004        2.1046893629675331E-003
   7.2500000000000000        2.1171756253386418E-003
   7.3499999999999996        2.1290596733027564E-003
   7.4500000000000002        2.1385507215676276E-003
   7.5499999999999998        2.1468297199182494E-003
   7.6500000000000004        2.1504183441093043E-003
   7.7500000000000000        2.1510615606527951E-003
   7.8499999999999996        2.1478981871362519E-003
   7.9500000000000002        2.1397291463685288E-003
   8.0500000000000007        2.1305376645538053E-003
   8.1500000000000004        2.1141130649809559E-003
   8.2500000000000000        2.0960488778134362E-003
   8.3499999999999996        2.0728020148264078E-003
   8.4499999999999993        2.0474084526219865E-003
   8.5500000000000007        2.0177225630008291E-003
   8.6500000000000004        1.9864017798202674E-003
   8.7500000000000000        1.9510654710962877E-003
   8.8499999999999996        1.9134427795388796E-003
   8.9499999999999993        1.8742488035950614E-003
   9.0500000000000007        1.8346274666596956E-003
   9.1500000000000004        1.7930272888014010E-003
   9.2500000000000000        1.7504571043006315E-003
   9.3499999999999996        1.7090251029924484E-003
   9.4499999999999993        1.6691265681900260E-003
   9.5500000000000007        1.6308464427630849E-003
   9.6500000000000004        1.5929855077218568E-003
   9.7500000000000000        1.5597848024312610E-003
   9.8499999999999996        1.5265894465747720E-003
   9.9499999999999993        1.4965947059741881E-003
   10.050000000000001        1.4679097403234218E-003
   10.150000000000000        1.4416855778301367E-003
   10.250000000000000        1.4176190109129593E-003
   10.350000000000000        1.3947286412205626E-003
   10.449999999999999        1.3740168654956832E-003
   10.550000000000001        1.3544843503289134E-003
   10.650000000000000        1.3369280508801831E-003
   10.750000000000000        1.3201608357289825E-003
   10.850000000000000        1.3050328480025749E-003
   10.949999999999999        1.2916772532283638E-003
   11.050000000000001        1.2787996389290433E-003
   11.150000000000000        1.2660307693523804E-003
   11.250000000000000        1.2552429880541398E-003
   11.350000000000000        1.2445257937983472E-003
   11.449999999999999        1.2349107710443682E-003
   11.550000000000001        1.2256592825642121E-003
   11.650000000000000        1.2167091896619503E-003
   11.750000000000000        1.2088375652241003E-003
   11.850000000000000        1.2003069975173180E-003
   11.949999999999999        1.1918045259357189E-003
   12.050000000000001        1.1844624836452272E-003
   12.150000000000000        1.1769832444541908E-003
   12.250000000000000        1.1684484616625390E-003
   12.350000000000000        1.1612447499989025E-003
   12.449999999999999        1.1531340046715619E-003
   12.550000000000001        1.1442591922487175E-003
   12.650000000000000        1.1361250826055179E-003
   12.750000000000000        1.1280058485664774E-003
   12.850000000000000        1.1187118088334619E-003
   12.949999999999999        1.1092553381845816E-003
   13.050000000000001        1.1002666906662394E-003
   13.150000000000000        1.0905206746423598E-003
   13.250000000000000        1.0814209560474596E-003
   13.350000000000000        1.0711701733661025E-003
   13.449999999999999        1.0609327327100477E-003
   13.550000000000001        1.0516629494811325E-003
   13.650000000000000        1.0408258580094402E-003
   13.750000000000000        1.0308142148355369E-003
   13.850000000000000        1.0213138015697063E-003
   13.949999999999999        1.0120419504039263E-003
   14.050000000000001        1.0018765284746096E-003
   14.150000000000000        9.9266874276244437E-004
   14.250000000000000        9.8357459311149836E-004
   14.350000000000000        9.7434545140632827E-004
   14.449999999999999        9.6499336954867544E-004
   14.550000000000001        9.5693649148088217E-004
   14.650000000000000        9.4904243867842983E-004
   14.750000000000000        9.4062083282869932E-004
   14.850000000000000        9.3306550038047768E-004
   14.949999999999999        9.2528124476421662E-004
   15.050000000000001        9.1813766235884287E-004
   15.150000000000000        9.1102275140883689E-004
   15.250000000000000        9.0476088994128235E-004
   15.350000000000000        8.9808377686046597E-004
   15.449999999999999        8.9207946837804159E-004
   15.550000000000001        8.8606682819415943E-004
   15.650000000000000        8.8065688165829331E-004
   15.750000000000000        8.7502236872723216E-004
   15.850000000000000        8.7050617332118743E-004
   15.949999999999999        8.6525883524847177E-004
   16.050000000000001        8.6036550490400411E-004
   16.149999999999999        8.5581071582103790E-004
   16.250000000000000        8.5219335958661071E-004
   16.350000000000001        8.4668003970317916E-004
   16.449999999999999        8.4308163198594163E-004
   16.550000000000001        8.3847637798821224E-004
   16.649999999999999        8.3549685051787165E-004
   16.750000000000000        8.3089618911032735E-004
   16.850000000000001        8.2764340093944937E-004
   16.949999999999999        8.2348169188175950E-004
   17.050000000000001        8.2000008210260768E-004
   17.149999999999999        8.1655772250479447E-004
   17.250000000000000        8.1321766491949498E-004
   17.350000000000001        8.0984493889588193E-004
   17.449999999999999        8.0600254232260902E-004
   17.550000000000001        8.0270696407182978E-004
   17.649999999999999        7.9951802229457248E-004
   17.750000000000000        7.9631426696547707E-004
   17.850000000000001        7.9199692802367884E-004
   17.949999999999999        7.8994040118855746E-004
   18.050000000000001        7.8591783704247723E-004
   18.149999999999999        7.8332824882667749E-004
   18.250000000000000        7.8015109747697536E-004
   18.350000000000001        7.7718049864175466E-004
   18.449999999999999        7.7427112126895591E-004
   18.550000000000001        7.7111462991949432E-004
   18.649999999999999        7.6809998872423482E-004
   18.750000000000000        7.6522326090754046E-004
   18.850000000000001        7.6242527206808991E-004
   18.949999999999999        7.5980229856822316E-004
   19.050000000000001        7.5753902058461333E-004
   19.149999999999999        7.5418073082832648E-004
   19.250000000000000        7.5222322247656278E-004
   19.350000000000001        7.4951938264770630E-004
   19.449999999999999        7.4736520694365551E-004
   19.550000000000001        7.4493152665575590E-004
   19.649999999999999        7.4269733949330256E-004
   19.750000000000000        7.3997488793145971E-004
   19.850000000000001        7.3823345774089513E-004
   19.949999999999999        7.3616820051136255E-004
   20.050000000000001        7.3389865990956089E-004
   20.149999999999999        7.3211505559525397E-004
   20.250000000000000        7.3022618781144473E-004
   20.350000000000001        7.2856773100415169E-004
   20.449999999999999        7.2633736101016802E-004
   20.550000000000001        7.2454580362197457E-004
   20.649999999999999        7.2358528376083797E-004
   20.750000000000000        7.2134268533883140E-004
   20.850000000000001        7.1940100576425468E-004
   20.949999999999999        7.1801058214344504E-004
   21.050000000000001        7.1690027745117350E-004
   21.149999999999999        7.1549607380737832E-004
   21.250000000000000        7.1335613411553254E-004
   21.350000000000001        7.1286206508396944E-004
   21.449999999999999        7.1114521023540726E-004
   21.550000000000001        7.0931523810911540E-004
   21.649999999999999        7.0856761191835736E-004
   21.750000000000000        7.0757207657878016E-004
   21.850000000000001        7.0547315781122966E-004
   21.949999999999999        7.0518633658004628E-004
   22.050000000000001        7.0421036607975769E-004
   22.149999999999999        7.0280572441986646E-004
   22.250000000000000        7.0169406911878079E-004
   22.350000000000001        7.0101708970290858E-004
   22.449999999999999        6.9986264406035636E-004
   22.550000000000001        6.9851326004212900E-004
   22.649999999999999        6.9738360986343220E-004
   22.750000000000000        6.9669722580247679E-004
   22.850000000000001        6.9591301425297363E-004
   22.949999999999999        6.9474427220407912E-004
   23.050000000000001        6.9374625163768809E-004
   23.149999999999999        6.9332654720492414E-004
   23.250000000000000        6.9238972840091095E-004
   23.350000000000001        6.9193819038411994E-004
   23.449999999999999        6.9090863509874503E-004
   23.550000000000001        6.9045892585655518E-004
   23.649999999999999        6.8961663366290643E-004
   23.750000000000000        6.8882908243278744E-004
   23.850000000000001        6.8828673509448428E-004
   23.949999999999999        6.8789759182605044E-004
   24.050000000000001        6.8680806675890658E-004
   24.149999999999999        6.8714398118802490E-004
   24.250000000000000        6.8565234973854967E-004
   24.350000000000001        6.8524224908098779E-004
   24.449999999999999        6.8496409625104472E-004
   24.550000000000001        6.8398480577434222E-004
   24.649999999999999        6.8402775441529892E-004
   24.750000000000000        6.8377181225826847E-004
   24.850000000000001        6.8325300711158876E-004
   24.949999999999999        6.8311708210193388E-004
   25.050000000000001        6.8253850820725428E-004
   25.149999999999999        6.8240994036394159E-004
   25.250000000000000        6.8206458075240615E-004
   25.350000000000001        6.8180676915869732E-004
   25.449999999999999        6.8126388519278700E-004
   25.550000000000001        6.8129995474588729E-004
   25.649999999999999        6.8107958444913418E-004
   25.750000000000000        6.8078236293580630E-004
   25.850000000000001        6.8071565412072376E-004
   25.949999999999999        6.8048886093183551E-004
   26.050000000000001        6.8077049212705875E-004
   26.149999999999999        6.8072853787446320E-004
   26.250000000000000        6.8041308312715018E-004
   26.350000000000001        6.8043477701275714E-004
   26.449999999999999        6.8001525112852299E-004
   26.550000000000001        6.8072774254997984E-004
   26.649999999999999        6.8062478394197818E-004
   26.750000000000000        6.8047577689375662E-004
   26.850000000000001        6.8044899378403895E-004
   26.949999999999999        6.8092876639456166E-004
   27.050000000000001        6.8120039675149111E-004
   27.149999999999999        6.8073963323095192E-004
   27.250000000000000        6.8092172652025197E-004
   27.350000000000001        6.8118991795750679E-004
   27.449999999999999        6.8137596964651435E-004
   27.550000000000001        6.8167529854619652E-004
   27.649999999999999        6.8171277915126912E-004
   27.750000000000000        6.8269004064838127E-004
   27.850000000000001        6.8258654692561092E-004
   27.949999999999999        6.8331500438137806E-004
   28.050000000000001        6.8312141691478088E-004
   28.149999999999999        6.8362674091823215E-004
   28.250000000000000        6.8389453430268163E-004
   28.350000000000001        6.8445056001025569E-004
   28.449999999999999        6.8500984797574766E-004
   28.550000000000001        6.8521745347008051E-004
   28.649999999999999        6.8574631850863070E-004
   28.750000000000000        6.8660183470551869E-004
   28.850000000000001        6.8683600288566124E-004
   28.949999999999999        6.8722349632718263E-004
   29.050000000000001        6.8812802396118046E-004
   29.149999999999999        6.8860220863474551E-004
   29.250000000000000        6.8923164744917858E-004
   29.350000000000001        6.8963327721349558E-004
   29.449999999999999        6.9051139929450977E-004
   29.550000000000001        6.9096908136045520E-004
   29.649999999999999        6.9199623159769670E-004
   29.750000000000000        6.9233125081685234E-004
   29.850000000000001        6.9341276317800454E-004
   29.949999999999999        6.9392429088080019E-004
   30.050000000000001        6.9523040783405702E-004
   30.149999999999999        6.9554349671488891E-004
   30.250000000000000        6.9698593681619743E-004
   30.350000000000001        6.9747616892031701E-004
   30.449999999999999        6.9886842275759050E-004
   30.550000000000001        6.9954305539011346E-004
   30.649999999999999        7.0027195117034976E-004
   30.750000000000000        7.0158781072165684E-004
   30.850000000000001        7.0297400062811018E-004
   30.949999999999999        7.0380963120517484E-004
   31.050000000000001        7.0456499193079149E-004
   31.149999999999999        7.0588481043805656E-004
   31.250000000000000        7.0717710840778603E-004
   31.350000000000001        7.0845944486662351E-004
   31.449999999999999        7.0977699669028864E-004
   31.550000000000001        7.1122236017377109E-004
   31.649999999999999        7.1235503220071922E-004
   31.750000000000000        7.1409093613851655E-004
   31.850000000000001        7.1473208428946911E-004
   31.949999999999999        7.1640048260866566E-004
   32.049999999999997        7.1829100187629450E-004
   32.149999999999999        7.1958351866441837E-004
   32.250000000000000        7.2064333762224394E-004
   32.350000000000001        7.2291242254242697E-004
   32.450000000000003        7.2471394119028097E-004
   32.549999999999997        7.2630153242516228E-004
   32.649999999999999        7.2816803167671102E-004
   32.750000000000000        7.3003608127949755E-004
   32.850000000000001        7.3215142431673811E-004
   32.950000000000003        7.3425543394253301E-004
   33.049999999999997        7.3643730720577530E-004
   33.149999999999999        7.3775621166431769E-004
   33.250000000000000        7.4024546624656224E-004
   33.350000000000001        7.4274416683628506E-004
   33.450000000000003        7.4497332333460834E-004
   33.549999999999997        7.4677955609293498E-004
   33.649999999999999        7.4901193401997026E-004
   33.750000000000000        7.5202607835892291E-004
   33.850000000000001        7.5449029996098901E-004
   33.950000000000003        7.5731171206958048E-004
   34.049999999999997        7.5988254938812150E-004
   34.149999999999999        7.6274271525778557E-004
   34.250000000000000        7.6482616538848798E-004
   34.350000000000001        7.6808889476039739E-004
   34.450000000000003        7.7107373087500629E-004
   34.549999999999997        7.7410469658411403E-004
   34.649999999999999        7.7684156256183426E-004
   34.750000000000000        7.8034456607010006E-004
   34.850000000000001        7.8353786331365131E-004
   34.950000000000003        7.8698698189902903E-004
   35.049999999999997        7.9002325695301295E-004
   35.149999999999999        7.9246236614089036E-004
   35.250000000000000        7.9629969354503823E-004
   35.350000000000001        7.9934646691786737E-004
   35.450000000000003        8.0272905648596138E-004
   35.549999999999997        8.0541358934305086E-004
   35.649999999999999        8.0897906729309073E-004
   35.750000000000000        8.1287875034406385E-004
   35.850000000000001        8.1587796283024187E-004
   35.950000000000003        8.1984821247774533E-004
   36.049999999999997        8.2318272338736888E-004
   36.149999999999999        8.2776383857568255E-004
   36.250000000000000        8.3107454764994937E-004
   36.350000000000001        8.3479859917692551E-004
   36.450000000000003        8.3895605450844764E-004
   36.549999999999997        8.4345479211773988E-004
   36.649999999999999        8.4788246501897775E-004
   36.750000000000000        8.5119170322177980E-004
   36.850000000000001        8.5598219408920904E-004
   36.950000000000003        8.6046572180874335E-004
   37.049999999999997        8.6543365354166044E-004
   37.149999999999999        8.7021356817075968E-004
   37.250000000000000        8.7569412092281906E-004
   37.350000000000001        8.8070327209065127E-004
   37.450000000000003        8.8637528502310322E-004
   37.549999999999997        8.9212713238276560E-004
   37.649999999999999        8.9844981793586168E-004
   37.750000000000000        9.0464447265801117E-004
   37.850000000000001        9.1161236341784520E-004
   37.950000000000003        9.1829669395991750E-004
   38.049999999999997        9.2525136265944087E-004
   38.149999999999999        9.3285994478397075E-004
   38.250000000000000        9.4065320570078362E-004
   38.350000000000001        9.4844939200555093E-004
   38.450000000000003        9.5725292120970749E-004
   38.549999999999997        9.6546111607643734E-004
   38.649999999999999        9.7419843489384187E-004
   38.750000000000000        9.8296160171720652E-004
   38.850000000000001        9.9306494716420936E-004
   38.950000000000003        1.0015681949480555E-003
   39.049999999999997        1.0114343487083617E-003
   39.149999999999999        1.0212413081721581E-003
   39.250000000000000        1.0313652531439301E-003
   39.350000000000001        1.0408142685731992E-003
   39.450000000000003        1.0512896762143878E-003
   39.549999999999997        1.0609933008536112E-003
   39.649999999999999        1.0702393620094881E-003
   39.750000000000000        1.0809836566093580E-003
   39.850000000000001        1.0902218445523666E-003
   39.950000000000003        1.0993228356039784E-003
   40.049999999999997        1.1086918969922866E-003
   40.149999999999999        1.1186488782496742E-003
   40.250000000000000        1.1274659300670171E-003
   40.350000000000001        1.1362295551853249E-003
   40.450000000000003        1.1444269721847498E-003
   40.549999999999997        1.1526350668720161E-003
   40.649999999999999        1.1608325630042321E-003
   40.750000000000000        1.1690063194089038E-003
   40.850000000000001        1.1771149158251537E-003
   40.950000000000003        1.1844497203521900E-003
   41.049999999999997        1.1921168992494167E-003
   41.149999999999999        1.2003563122490665E-003
   41.250000000000000        1.2085182963160472E-003
   41.350000000000001        1.2169620914113267E-003
   41.450000000000003        1.2258005169787950E-003
   41.549999999999997        1.2349507600789120E-003
   41.649999999999999        1.2446401677052581E-003
   41.750000000000000        1.2548228893269826E-003
   41.850000000000001        1.2652968263450360E-003
   41.950000000000003        1.2780066816842719E-003
   42.049999999999997        1.2909906925039879E-003
   42.149999999999999        1.3053330760150529E-003
   42.250000000000000        1.3202522239588166E-003
   42.350000000000001        1.3372812861852346E-003
   42.450000000000003        1.3551184227767346E-003
   42.549999999999997        1.3734353313583315E-003
   42.649999999999999        1.3953519985155170E-003
   42.750000000000000        1.4166517341171378E-003
   42.850000000000001        1.4422041859305870E-003
   42.950000000000003        1.4682172650682171E-003
   43.049999999999997        1.4966131816235972E-003
   43.149999999999999        1.5265671214310327E-003
   43.250000000000000        1.5588659817367013E-003
   43.350000000000001        1.5937402146825688E-003
   43.450000000000003        1.6293297200458206E-003
   43.549999999999997        1.6685256469698196E-003
   43.649999999999999        1.7089472205572978E-003
   43.750000000000000        1.7494159794943856E-003
   43.850000000000001        1.7911066495026411E-003
   43.950000000000003        1.8334897865145080E-003
   44.049999999999997        1.8745595087729229E-003
   44.149999999999999        1.9136281574688458E-003
   44.250000000000000        1.9510408579633091E-003
   44.350000000000001        1.9858287736330337E-003
   44.450000000000003        2.0174435767997610E-003
   44.549999999999997        2.0466020329832522E-003
   44.649999999999999        2.0737532523462574E-003
   44.750000000000000        2.0962518709348212E-003
   44.850000000000001        2.1161248949798897E-003
   44.950000000000003        2.1308001307828550E-003
   45.049999999999997        2.1417910436441825E-003
   45.149999999999999        2.1491077331110861E-003
   45.250000000000000        2.1505146806175129E-003
   45.350000000000001        2.1504020202744835E-003
   45.450000000000003        2.1462718059484867E-003
   45.549999999999997        2.1394163972168895E-003
   45.649999999999999        2.1291077722088809E-003
   45.750000000000000        2.1170621711856883E-003
   45.850000000000001        2.1049513315430689E-003
   45.950000000000003        2.0914410808548895E-003
   46.049999999999997        2.0778756113578691E-003
   46.149999999999999        2.0664964304547319E-003
   46.250000000000000        2.0571421018162161E-003
   46.350000000000001        2.0498048318803330E-003
   46.450000000000003        2.0467647188505927E-003
   46.549999999999997        2.0479772263385953E-003
   46.649999999999999        2.0541091857197180E-003
   46.750000000000000        2.0659216333726647E-003
   46.850000000000001        2.0826310653339246E-003
   46.950000000000003        2.1048504214974811E-003
   47.049999999999997        2.1322716799636794E-003
   47.149999999999999        2.1665796067079903E-003
   47.250000000000000        2.2085932054087282E-003
   47.350000000000001        2.2570392089539580E-003
   47.450000000000003        2.3130926430576324E-003
   47.549999999999997        2.3756313511742832E-003
   47.649999999999999        2.4465252727836500E-003
   47.750000000000000        2.5258931738478046E-003
   47.850000000000001        2.6155165885353429E-003
   47.950000000000003        2.7128335699040740E-003
   48.049999999999997        2.8226851316052438E-003
   48.149999999999999        2.9423409896637983E-003
   48.250000000000000        3.0745069315568883E-003
   48.350000000000001        3.2203070195289296E-003
   48.450000000000003        3.3811199280411692E-003
   48.549999999999997        3.5580889651617318E-003
   48.649999999999999        3.7523480799238722E-003
   48.750000000000000        3.9681824597319571E-003
   48.850000000000001        4.2020937927617942E-003
   48.950000000000003        4.4618718191133631E-003
   49.049999999999997        4.7476653094527706E-003
   49.149999999999999        5.0618537030495576E-003
   49.250000000000000        5.4076732232835410E-003
   49.350000000000001        5.7917369397026634E-003
   49.450000000000003        6.2155541552481658E-003
   49.549999999999997        6.6819155481655816E-003
   49.649999999999999        7.1976170961554845E-003
   49.750000000000000        7.7706577672143817E-003
   49.850000000000001        8.4057759500043971E-003
   49.950000000000003        9.1060930018310570E-003
   50.049999999999997        0.0000000000000000     
   50.149999999999999        0.0000000000000000     
   50.250000000000000        0.0000000000000000     
   50.350000000000001        0.0000000000000000     
   50.450000000000003        0.0000000000000000     
   50.549999999999997        0.0000000000000000     
   50.649999999999999        0.0000000000000000     
   50.750000000000000        0.0000000000000000     
   50.850000000000001        0.0000000000000000     
   50.950000000000003        0.0000000000000000     
   51.049999999999997        0.0000000000000000     
   51.149999999999999        0.0000000000000000     
   51.250000000000000        0.0000000000000000     
   51.350000000000001        0.0000000000000000     
   51.450000000000003        0.0000000000000000     
   51.549999999999997        0.0000000000000000     
   51.649999999999999        0.0000000000000000     
   51.750000000000000        0.0000000000000000     
   51.850000000000001        0.0000000000000000     
   51.950000000000003        0.0000000000000000     
   52.049999999999997        0.0000000000000000     
   52.149999999999999        0.0000000000000000     
   52.250000000000000        0.0000000000000000     
   52.350000000000001        0.0000000000000000     
   52.450000000000003        0.0000000000000000     
   52.549999999999997        0.0000000000000000     
   52.649999999999999        0.0000000000000000     
   52.750000000000000        0.0000000000000000     
   52.850000000000001        0.0000000000000000     
   52.950000000000003        0.0000000000000000     
