   5.0000000000000003E-002   0.0000000000000000     
  0.14999999999999999        0.0000000000000000     
  0.25000000000000000        0.0000000000000000     
  0.34999999999999998        0.0000000000000000     
  0.45000000000000001        0.0000000000000000     
  0.55000000000000004        0.0000000000000000     
  0.65000000000000002        0.0000000000000000     
  0.75000000000000000        0.0000000000000000     
  0.84999999999999998        0.0000000000000000     
  0.94999999999999996        0.0000000000000000     
   1.0500000000000000        0.0000000000000000     
   1.1499999999999999        0.0000000000000000     
   1.2500000000000000        0.0000000000000000     
   1.3500000000000001        0.0000000000000000     
   1.4500000000000000        0.0000000000000000     
   1.5500000000000000        0.0000000000000000     
   1.6499999999999999        0.0000000000000000     
   1.7500000000000000        0.0000000000000000     
   1.8500000000000001        0.0000000000000000     
   1.9500000000000000        0.0000000000000000     
   2.0499999999999998        0.0000000000000000     
   2.1499999999999999        0.0000000000000000     
   2.2500000000000000        0.0000000000000000     
   2.3500000000000001        0.0000000000000000     
   2.4500000000000002        0.0000000000000000     
   2.5499999999999998        0.0000000000000000     
   2.6499999999999999        0.0000000000000000     
   2.7500000000000000        0.0000000000000000     
   2.8500000000000001        0.0000000000000000     
   2.9500000000000002        0.0000000000000000     
   3.0499999999999998        9.2423015533343277E-003
   3.1499999999999999        8.5858342787765007E-003
   3.2500000000000000        7.9914372514507288E-003
   3.3500000000000001        7.4537791042003929E-003
   3.4500000000000002        6.9675496641121047E-003
   3.5499999999999998        6.5258869957096422E-003
   3.6499999999999999        6.1245563016678866E-003
   3.7500000000000000        5.7614320265211459E-003
   3.8500000000000001        5.4281560153158622E-003
   3.9500000000000002        5.1305473182547802E-003
   4.0499999999999998        4.8574974165066466E-003
   4.1500000000000004        4.6079694145821524E-003
   4.2500000000000000        4.3814791487791320E-003
   4.3499999999999996        4.1770366123319276E-003
   4.4500000000000002        3.9922162227379347E-003
   4.5499999999999998        3.8248162810416431E-003
   4.6500000000000004        3.6711734137424364E-003
   4.7500000000000000        3.5324288869497990E-003
   4.8499999999999996        3.4077873889978190E-003
   4.9500000000000002        3.2951531029860415E-003
   5.0499999999999998        3.1944704919058121E-003
   5.1500000000000004        3.1042624771324403E-003
   5.2500000000000000        3.0241313236498112E-003
   5.3499999999999996        2.9548485358154375E-003
   5.4500000000000002        2.8935122203629605E-003
   5.5499999999999998        2.8426656555010301E-003
   5.6500000000000004        2.7997378767748928E-003
   5.7500000000000000        2.7641775157691063E-003
   5.8499999999999996        2.7377971012637263E-003
   5.9500000000000002        2.7181365429330248E-003
   6.0499999999999998        2.7097577070165496E-003
   6.1500000000000004        2.7071189722307023E-003
   6.2500000000000000        2.7112468232511240E-003
   6.3499999999999996        2.7232918937839428E-003
   6.4500000000000002        2.7428031823248230E-003
   6.5499999999999998        2.7668243668184035E-003
   6.6500000000000004        2.7979916332291350E-003
   6.7500000000000000        2.8328338733803007E-003
   6.8499999999999996        2.8740245675097260E-003
   6.9500000000000002        2.9157568723714839E-003
   7.0499999999999998        2.9606249641105854E-003
   7.1500000000000004        3.0038816577530017E-003
   7.2500000000000000        3.0438129657193872E-003
   7.3499999999999996        3.0838922226753764E-003
   7.4500000000000002        3.1208181968060971E-003
   7.5499999999999998        3.1531410690733238E-003
   7.6500000000000004        3.1798945160020358E-003
   7.7500000000000000        3.2006367383495761E-003
   7.8499999999999996        3.2146444579785054E-003
   7.9500000000000002        3.2243831695618419E-003
   8.0500000000000007        3.2241624175197562E-003
   8.1500000000000004        3.2176488216175796E-003
   8.2500000000000000        3.2076079411481754E-003
   8.3499999999999996        3.1879017504118424E-003
   8.4499999999999993        3.1661700843411051E-003
   8.5500000000000007        3.1363902332680192E-003
   8.6500000000000004        3.1044753351480328E-003
   8.7500000000000000        3.0668661887555274E-003
   8.8499999999999996        3.0246882925661126E-003
   8.9499999999999993        2.9793413446909116E-003
   9.0500000000000007        2.9311004961473509E-003
   9.1500000000000004        2.8792403170084515E-003
   9.2500000000000000        2.8268873525241689E-003
   9.3499999999999996        2.7770744026349875E-003
   9.4499999999999993        2.7278530968242653E-003
   9.5500000000000007        2.6791521783250667E-003
   9.6500000000000004        2.6358432821210103E-003
   9.7500000000000000        2.5946331622656092E-003
   9.8499999999999996        2.5570363291465038E-003
   9.9499999999999993        2.5215248647131243E-003
   10.050000000000001        2.4889310886951790E-003
   10.150000000000000        2.4610004202653877E-003
   10.250000000000000        2.4349364643048944E-003
   10.350000000000000        2.4123516352384184E-003
   10.449999999999999        2.3897682533609945E-003
   10.550000000000001        2.3738851747781035E-003
   10.650000000000000        2.3585637678874777E-003
   10.750000000000000        2.3458542502669206E-003
   10.850000000000000        2.3349005230945408E-003
   10.949999999999999        2.3271056278932447E-003
   11.050000000000001        2.3180927588801149E-003
   11.150000000000000        2.3108757054997697E-003
   11.250000000000000        2.3053803299414029E-003
   11.350000000000000        2.3007698732830108E-003
   11.449999999999999        2.2984258570425352E-003
   11.550000000000001        2.2965871223658194E-003
   11.650000000000000        2.2933705910410719E-003
   11.750000000000000        2.2928304727702540E-003
   11.850000000000000        2.2906445927319162E-003
   11.949999999999999        2.2898801843459515E-003
   12.050000000000001        2.2870113168756627E-003
   12.150000000000000        2.2854488747673621E-003
   12.250000000000000        2.2838762160865317E-003
   12.350000000000000        2.2796641984999398E-003
   12.449999999999999        2.2739191228117622E-003
   12.550000000000001        2.2682980217966623E-003
   12.650000000000000        2.2601775229532826E-003
   12.750000000000000        2.2519261240011301E-003
   12.850000000000000        2.2422692137036397E-003
   12.949999999999999        2.2327330750789858E-003
   13.050000000000001        2.2235973593663335E-003
   13.150000000000000        2.2112228496157251E-003
   13.250000000000000        2.1996601382581957E-003
   13.350000000000000        2.1856267223035841E-003
   13.449999999999999        2.1718567022903285E-003
   13.550000000000001        2.1586622998481025E-003
   13.650000000000000        2.1441381237335163E-003
   13.750000000000000        2.1294605948109367E-003
   13.850000000000000        2.1161518645524198E-003
   13.949999999999999        2.1013921044212755E-003
   14.050000000000001        2.0854254293729509E-003
   14.150000000000000        2.0717099861731333E-003
   14.250000000000000        2.0576772934887714E-003
   14.350000000000000        2.0454845861046780E-003
   14.449999999999999        2.0320254988542810E-003
   14.550000000000001        2.0210930321045680E-003
   14.650000000000000        2.0086509041207803E-003
   14.750000000000000        1.9966873911406021E-003
   14.850000000000000        1.9858156354737202E-003
   14.949999999999999        1.9764374045314012E-003
   15.050000000000001        1.9658287116063647E-003
   15.150000000000000        1.9563653089175819E-003
   15.250000000000000        1.9482739158711167E-003
   15.350000000000000        1.9412959471944355E-003
   15.449999999999999        1.9340890920417496E-003
   15.550000000000001        1.9259435458500230E-003
   15.650000000000000        1.9194183040853099E-003
   15.750000000000000        1.9149618800801318E-003
   15.850000000000000        1.9101748684875128E-003
   15.949999999999999        1.9048440412601441E-003
   16.050000000000001        1.8991852195924552E-003
   16.149999999999999        1.8940095508971620E-003
   16.250000000000000        1.8889543408358495E-003
   16.350000000000001        1.8851167288440409E-003
   16.449999999999999        1.8810000890348542E-003
   16.550000000000001        1.8755919293160918E-003
   16.649999999999999        1.8697201647795733E-003
   16.750000000000000        1.8662991737393787E-003
   16.850000000000001        1.8628688388039924E-003
   16.949999999999999        1.8584316128375889E-003
   17.050000000000001        1.8558343695298191E-003
   17.149999999999999        1.8500322564769156E-003
   17.250000000000000        1.8458632726474965E-003
   17.350000000000001        1.8390445459686639E-003
   17.449999999999999        1.8353214507289485E-003
   17.550000000000001        1.8303058949140235E-003
   17.649999999999999        1.8254660003212447E-003
   17.750000000000000        1.8204314943887445E-003
   17.850000000000001        1.8162701840371295E-003
   17.949999999999999        1.8110401019980052E-003
   18.050000000000001        1.8051292072853390E-003
   18.149999999999999        1.7998782969810396E-003
   18.250000000000000        1.7941156551841539E-003
   18.350000000000001        1.7887536920800516E-003
   18.449999999999999        1.7835179389536924E-003
   18.550000000000001        1.7782507990781789E-003
   18.649999999999999        1.7742711166616831E-003
   18.750000000000000        1.7692247296225334E-003
   18.850000000000001        1.7654412653998017E-003
   18.949999999999999        1.7609491147564846E-003
   19.050000000000001        1.7552024657945362E-003
   19.149999999999999        1.7501217187728350E-003
   19.250000000000000        1.7452175216716803E-003
   19.350000000000001        1.7419661555545085E-003
   19.449999999999999        1.7381265651491599E-003
   19.550000000000001        1.7348552859741372E-003
   19.649999999999999        1.7288129917059547E-003
   19.750000000000000        1.7255224369256766E-003
   19.850000000000001        1.7215483036150153E-003
   19.949999999999999        1.7183629711437396E-003
   20.050000000000001        1.7151050275509632E-003
   20.149999999999999        1.7112298804020476E-003
   20.250000000000000        1.7080954965766899E-003
   20.350000000000001        1.7052124999532218E-003
   20.449999999999999        1.7020741864114373E-003
   20.550000000000001        1.6999724154102955E-003
   20.649999999999999        1.6969606211494534E-003
   20.750000000000000        1.6950875486196890E-003
   20.850000000000001        1.6913512254420708E-003
   20.949999999999999        1.6883842711321957E-003
   21.050000000000001        1.6863091729574780E-003
   21.149999999999999        1.6843093881253723E-003
   21.250000000000000        1.6806732822155137E-003
   21.350000000000001        1.6793884388241146E-003
   21.449999999999999        1.6768378123871465E-003
   21.550000000000001        1.6724972812036246E-003
   21.649999999999999        1.6728096499259786E-003
   21.750000000000000        1.6705032414898473E-003
   21.850000000000001        1.6689231617578546E-003
   21.949999999999999        1.6653243509164586E-003
   22.050000000000001        1.6647645020163163E-003
   22.149999999999999        1.6632709756897236E-003
   22.250000000000000        1.6615126508925915E-003
   22.350000000000001        1.6601754574641088E-003
   22.449999999999999        1.6581135138750214E-003
   22.550000000000001        1.6566886257338611E-003
   22.649999999999999        1.6561401189704333E-003
   22.750000000000000        1.6539776186135660E-003
   22.850000000000001        1.6524346401897503E-003
   22.949999999999999        1.6495594383196448E-003
   23.050000000000001        1.6491597340918891E-003
   23.149999999999999        1.6473543187407885E-003
   23.250000000000000        1.6465500699906744E-003
   23.350000000000001        1.6433734373598806E-003
   23.449999999999999        1.6412510642248557E-003
   23.550000000000001        1.6415131633538266E-003
   23.649999999999999        1.6393165592329644E-003
   23.750000000000000        1.6378753642137082E-003
   23.850000000000001        1.6371697386161506E-003
   23.949999999999999        1.6357536773963384E-003
   24.050000000000001        1.6344140084628828E-003
   24.149999999999999        1.6333580967969610E-003
   24.250000000000000        1.6332286866057952E-003
   24.350000000000001        1.6325910344810342E-003
   24.449999999999999        1.6313293532220598E-003
   24.550000000000001        1.6298103654003159E-003
   24.649999999999999        1.6279253435194597E-003
   24.750000000000000        1.6274931474055195E-003
   24.850000000000001        1.6277553571045539E-003
   24.949999999999999        1.6285208559659640E-003
   25.050000000000001        1.6276131433267621E-003
   25.149999999999999        1.6247679496349530E-003
   25.250000000000000        1.6266950365142370E-003
   25.350000000000001        1.6255998516801627E-003
   25.449999999999999        1.6245326075250081E-003
   25.550000000000001        1.6234053007370755E-003
   25.649999999999999        1.6234035506392183E-003
   25.750000000000000        1.6235854237566332E-003
   25.850000000000001        1.6236092090152917E-003
   25.949999999999999        1.6249804455146755E-003
   26.050000000000001        1.6241710465445161E-003
   26.149999999999999        1.6244970570322629E-003
   26.250000000000000        1.6247302337773341E-003
   26.350000000000001        1.6234933605899196E-003
   26.449999999999999        1.6237148963518908E-003
   26.550000000000001        1.6232837373203984E-003
   26.649999999999999        1.6235823399148662E-003
   26.750000000000000        1.6252943004009240E-003
   26.850000000000001        1.6259935237106921E-003
   26.949999999999999        1.6250446406743280E-003
   27.050000000000001        1.6272067382394162E-003
   27.149999999999999        1.6252665990785199E-003
   27.250000000000000        1.6259587624496952E-003
   27.350000000000001        1.6265101146073521E-003
   27.449999999999999        1.6261597177947180E-003
   27.550000000000001        1.6270389445422063E-003
   27.649999999999999        1.6273967708332958E-003
   27.750000000000000        1.6290469930849796E-003
   27.850000000000001        1.6310271477655983E-003
   27.949999999999999        1.6311203456516605E-003
   28.050000000000001        1.6303245497282181E-003
   28.149999999999999        1.6303290752971006E-003
   28.250000000000000        1.6318643617435017E-003
   28.350000000000001        1.6318839167277085E-003
   28.449999999999999        1.6309976425725335E-003
   28.550000000000001        1.6315751784957322E-003
   28.649999999999999        1.6318160112944781E-003
   28.750000000000000        1.6340032193043748E-003
   28.850000000000001        1.6350597149058662E-003
   28.949999999999999        1.6374491910750284E-003
   29.050000000000001        1.6395243112897664E-003
   29.149999999999999        1.6389285880175069E-003
   29.250000000000000        1.6398758459457076E-003
   29.350000000000001        1.6417851971320810E-003
   29.449999999999999        1.6429445539185706E-003
   29.550000000000001        1.6444053032355604E-003
   29.649999999999999        1.6471559714651017E-003
   29.750000000000000        1.6486986335769109E-003
   29.850000000000001        1.6519508496892507E-003
   29.949999999999999        1.6520182085445021E-003
   30.050000000000001        1.6531790158300398E-003
   30.149999999999999        1.6551320647571663E-003
   30.250000000000000        1.6581910112820504E-003
   30.350000000000001        1.6608776413505051E-003
   30.449999999999999        1.6611338750133068E-003
   30.550000000000001        1.6623647104002887E-003
   30.649999999999999        1.6650331619922976E-003
   30.750000000000000        1.6667486385372795E-003
   30.850000000000001        1.6688953982038675E-003
   30.949999999999999        1.6690940532010500E-003
   31.050000000000001        1.6712819204430310E-003
   31.149999999999999        1.6744382066014812E-003
   31.250000000000000        1.6763612105529760E-003
   31.350000000000001        1.6770833691767497E-003
   31.449999999999999        1.6774936560825947E-003
   31.550000000000001        1.6802155943038777E-003
   31.649999999999999        1.6827590369148805E-003
   31.750000000000000        1.6852809347874360E-003
   31.850000000000001        1.6876738986553431E-003
   31.949999999999999        1.6903994042744633E-003
   32.049999999999997        1.6916490574312635E-003
   32.149999999999999        1.6942995247110782E-003
   32.250000000000000        1.6960833276184085E-003
   32.350000000000001        1.6983838794230228E-003
   32.450000000000003        1.7008265837128494E-003
   32.549999999999997        1.7033236099952876E-003
   32.649999999999999        1.7084530709292126E-003
   32.750000000000000        1.7094263366099999E-003
   32.850000000000001        1.7146641353888994E-003
   32.950000000000003        1.7168019481537593E-003
   33.049999999999997        1.7220299231185351E-003
   33.149999999999999        1.7248954584860468E-003
   33.250000000000000        1.7289396840859414E-003
   33.350000000000001        1.7330180071243346E-003
   33.450000000000003        1.7369732287216561E-003
   33.549999999999997        1.7417597623870080E-003
   33.649999999999999        1.7453332372524817E-003
   33.750000000000000        1.7514460861099118E-003
   33.850000000000001        1.7544903518385857E-003
   33.950000000000003        1.7591364977161412E-003
   34.049999999999997        1.7634626054615940E-003
   34.149999999999999        1.7678010868205864E-003
   34.250000000000000        1.7733799167464232E-003
   34.350000000000001        1.7784882602835011E-003
   34.450000000000003        1.7839367286283934E-003
   34.549999999999997        1.7878697515349114E-003
   34.649999999999999        1.7930518526717014E-003
   34.750000000000000        1.7974968028020392E-003
   34.850000000000001        1.8024852595780975E-003
   34.950000000000003        1.8073456651735052E-003
   35.049999999999997        1.8132906600365922E-003
   35.149999999999999        1.8181560850324828E-003
   35.250000000000000        1.8228893284573072E-003
   35.350000000000001        1.8290682875060609E-003
   35.450000000000003        1.8342163770214877E-003
   35.549999999999997        1.8392134735994131E-003
   35.649999999999999        1.8442420607280470E-003
   35.750000000000000        1.8500207083377209E-003
   35.850000000000001        1.8536292794768977E-003
   35.950000000000003        1.8574181029738445E-003
   36.049999999999997        1.8607816171131316E-003
   36.149999999999999        1.8660179722633727E-003
   36.250000000000000        1.8711389824038014E-003
   36.350000000000001        1.8739852047671619E-003
   36.450000000000003        1.8785816571522138E-003
   36.549999999999997        1.8840914503171487E-003
   36.649999999999999        1.8871561224747078E-003
   36.750000000000000        1.8902222444901712E-003
   36.850000000000001        1.8943422026402395E-003
   36.950000000000003        1.9005526730473232E-003
   37.049999999999997        1.9063881689703628E-003
   37.149999999999999        1.9110819359804501E-003
   37.250000000000000        1.9159867204393756E-003
   37.350000000000001        1.9221831205125082E-003
   37.450000000000003        1.9281255193826349E-003
   37.549999999999997        1.9368587292638636E-003
   37.649999999999999        1.9444579263948516E-003
   37.750000000000000        1.9514839385023452E-003
   37.850000000000001        1.9602102103888049E-003
   37.950000000000003        1.9699519299483403E-003
   38.049999999999997        1.9803958476309531E-003
   38.149999999999999        1.9910024878796282E-003
   38.250000000000000        2.0005019190041987E-003
   38.350000000000001        2.0128588750147913E-003
   38.450000000000003        2.0234398677942216E-003
   38.549999999999997        2.0382635523323572E-003
   38.649999999999999        2.0488855839464605E-003
   38.750000000000000        2.0620115905130858E-003
   38.850000000000001        2.0732769583687305E-003
   38.950000000000003        2.0876609137975167E-003
   39.049999999999997        2.1031942045554378E-003
   39.149999999999999        2.1171259148329300E-003
   39.250000000000000        2.1306251460695490E-003
   39.350000000000001        2.1462027945598409E-003
   39.450000000000003        2.1594453118921339E-003
   39.549999999999997        2.1710913185036393E-003
   39.649999999999999        2.1855051420507396E-003
   39.750000000000000        2.1982182292462579E-003
   39.850000000000001        2.2093905737689073E-003
   39.950000000000003        2.2198041798294687E-003
   40.049999999999997        2.2303055678078811E-003
   40.149999999999999        2.2418250592982606E-003
   40.250000000000000        2.2519090831586547E-003
   40.350000000000001        2.2591612063673910E-003
   40.450000000000003        2.2665406879804825E-003
   40.549999999999997        2.2727048630617141E-003
   40.649999999999999        2.2760165291050576E-003
   40.750000000000000        2.2796869048946808E-003
   40.850000000000001        2.2820193363376705E-003
   40.950000000000003        2.2845979081765615E-003
   41.049999999999997        2.2871939494480383E-003
   41.149999999999999        2.2888828486341303E-003
   41.250000000000000        2.2896243337177202E-003
   41.350000000000001        2.2925372524879688E-003
   41.450000000000003        2.2944252461103037E-003
   41.549999999999997        2.2982641711625411E-003
   41.649999999999999        2.3004916764908039E-003
   41.750000000000000        2.3041695711290625E-003
   41.850000000000001        2.3087837690809851E-003
   41.950000000000003        2.3143850169684717E-003
   42.049999999999997        2.3211901517936478E-003
   42.149999999999999        2.3281171028391697E-003
   42.250000000000000        2.3401272719825888E-003
   42.350000000000001        2.3522546086665527E-003
   42.450000000000003        2.3674833197823647E-003
   42.549999999999997        2.3849058556678904E-003
   42.649999999999999        2.4052696223342425E-003
   42.750000000000000        2.4277028948514042E-003
   42.850000000000001        2.4535131378328663E-003
   42.950000000000003        2.4811118916677304E-003
   43.049999999999997        2.5119207678063410E-003
   43.149999999999999        2.5486341512637391E-003
   43.250000000000000        2.5860500123150985E-003
   43.350000000000001        2.6282654121967813E-003
   43.450000000000003        2.6718173187913821E-003
   43.549999999999997        2.7183269899310378E-003
   43.649999999999999        2.7672954120299075E-003
   43.750000000000000        2.8174222106186917E-003
   43.850000000000001        2.8694500578167977E-003
   43.950000000000003        2.9205313382001837E-003
   44.049999999999997        2.9689029846965641E-003
   44.149999999999999        3.0136200461622531E-003
   44.250000000000000        3.0551534775937503E-003
   44.350000000000001        3.0925828562538595E-003
   44.450000000000003        3.1245200904684140E-003
   44.549999999999997        3.1545010693626871E-003
   44.649999999999999        3.1783973721103572E-003
   44.750000000000000        3.1980493605922493E-003
   44.850000000000001        3.2098000398677945E-003
   44.950000000000003        3.2166927694870090E-003
   45.049999999999997        3.2155138521995606E-003
   45.149999999999999        3.2061259809222716E-003
   45.250000000000000        3.1914041081703491E-003
   45.350000000000001        3.1702657165753258E-003
   45.450000000000003        3.1444013960897446E-003
   45.549999999999997        3.1143878859212501E-003
   45.649999999999999        3.0775467303231561E-003
   45.750000000000000        3.0354467525144763E-003
   45.850000000000001        2.9933090570216105E-003
   45.950000000000003        2.9509054642685366E-003
   46.049999999999997        2.9070468490720040E-003
   46.149999999999999        2.8655262153101492E-003
   46.250000000000000        2.8269358994178198E-003
   46.350000000000001        2.7911943964948420E-003
   46.450000000000003        2.7593396094214994E-003
   46.549999999999997        2.7342465999940302E-003
   46.649999999999999        2.7185356688222795E-003
   46.750000000000000        2.7056947428245903E-003
   46.850000000000001        2.7003529795098895E-003
   46.950000000000003        2.7023965122389658E-003
   47.049999999999997        2.7135364576032356E-003
   47.149999999999999        2.7307285344267272E-003
   47.250000000000000        2.7571440310581500E-003
   47.350000000000001        2.7932031618388602E-003
   47.450000000000003        2.8364668410458087E-003
   47.549999999999997        2.8894316991726426E-003
   47.649999999999999        2.9499761261680365E-003
   47.750000000000000        3.0205718155422411E-003
   47.850000000000001        3.1004933606306939E-003
   47.950000000000003        3.1868104169284713E-003
   48.049999999999997        3.2887144381041448E-003
   48.149999999999999        3.4020013032111975E-003
   48.250000000000000        3.5269825329813181E-003
   48.350000000000001        3.6631120416164842E-003
   48.450000000000003        3.8175914649930150E-003
   48.549999999999997        3.9866071858773158E-003
   48.649999999999999        4.1698330605492414E-003
   48.750000000000000        4.3767422761052388E-003
   48.850000000000001        4.5998991672326879E-003
   48.950000000000003        4.8491380860039108E-003
   49.049999999999997        5.1218390059209586E-003
   49.149999999999999        5.4238381801244512E-003
   49.250000000000000        5.7558152154683368E-003
   49.350000000000001        6.1182720137202013E-003
   49.450000000000003        6.5209391552731840E-003
   49.549999999999997        6.9619399040060466E-003
   49.649999999999999        7.4493839711991328E-003
   49.750000000000000        7.9904227368326978E-003
   49.850000000000001        8.5840764108938584E-003
   49.950000000000003        9.2413596089191228E-003
   50.049999999999997        0.0000000000000000     
   50.149999999999999        0.0000000000000000     
   50.250000000000000        0.0000000000000000     
   50.350000000000001        0.0000000000000000     
   50.450000000000003        0.0000000000000000     
   50.549999999999997        0.0000000000000000     
   50.649999999999999        0.0000000000000000     
   50.750000000000000        0.0000000000000000     
   50.850000000000001        0.0000000000000000     
   50.950000000000003        0.0000000000000000     
   51.049999999999997        0.0000000000000000     
   51.149999999999999        0.0000000000000000     
   51.250000000000000        0.0000000000000000     
   51.350000000000001        0.0000000000000000     
   51.450000000000003        0.0000000000000000     
   51.549999999999997        0.0000000000000000     
   51.649999999999999        0.0000000000000000     
   51.750000000000000        0.0000000000000000     
   51.850000000000001        0.0000000000000000     
   51.950000000000003        0.0000000000000000     
   52.049999999999997        0.0000000000000000     
   52.149999999999999        0.0000000000000000     
   52.250000000000000        0.0000000000000000     
   52.350000000000001        0.0000000000000000     
   52.450000000000003        0.0000000000000000     
   52.549999999999997        0.0000000000000000     
   52.649999999999999        0.0000000000000000     
   52.750000000000000        0.0000000000000000     
   52.850000000000001        0.0000000000000000     
   52.950000000000003        0.0000000000000000     
